0.062000	2.100000	0.316228
0.062050	1.700000	0.483046
0.062100	1.000000	0.000000
0.062150	1.100000	0.316228
0.062200	1.000000	0.000000
0.062250	1.000000	0.000000
0.062300	1.300000	0.483046
0.062350	2.000000	0.000000
0.062400	3.000000	0.000000
0.062450	3.800000	0.421637
0.062500	4.100000	0.316228
0.062550	5.700000	0.483046
0.062600	6.000000	0.000000
0.062650	7.100000	0.316228
0.062700	8.100000	0.316228
0.062750	9.000000	0.000000
0.062800	9.600000	0.516398
0.062850	10.100000	0.316228
0.062900	10.100000	0.316228
0.062950	10.000000	0.000000
0.063000	10.100000	0.316228
0.063050	9.900000	0.316228
0.063100	9.700000	0.483046
0.063150	9.000000	0.000000
0.063200	8.000000	0.471405
0.063250	7.100000	0.316228
0.063300	6.400000	0.516398
0.063350	6.000000	0.000000
0.063400	5.000000	0.000000
0.063450	3.900000	0.316228
0.063500	3.200000	0.421637
0.063550	2.700000	0.483046
0.063600	2.000000	0.000000
0.063650	2.000000	0.000000
0.063700	1.200000	0.421637
0.063750	1.100000	0.316228
0.063800	1.100000	0.316228
0.063850	1.000000	0.471405
0.063900	1.000000	0.000000
0.063950	1.000000	0.000000
0.064000	1.100000	0.316228
0.064050	1.700000	0.483046
0.064100	1.600000	0.516398
0.064150	1.900000	0.316228
0.064200	2.000000	0.471405
0.064250	2.100000	0.316228
0.064300	2.000000	0.000000
0.064350	2.800000	0.421637
0.064400	3.000000	0.000000
0.064450	3.100000	0.316228
0.064500	3.200000	0.421637
0.064550	3.800000	0.421637
0.064600	3.900000	0.316228
0.064650	4.100000	0.316228
0.064700	5.000000	0.000000
0.064750	4.900000	0.316228
0.064800	5.000000	0.000000
0.064850	5.400000	0.516398
0.064900	5.900000	0.316228
0.064950	5.800000	0.421637
0.065000	5.500000	0.527046
0.065050	5.100000	0.316228
0.065100	5.100000	0.316228
0.065150	4.100000	0.316228
0.065200	4.000000	0.000000
0.065250	3.100000	0.316228
0.065300	2.800000	0.421637
0.065350	2.300000	0.483046
0.065400	2.000000	0.000000
0.065450	2.000000	0.000000
0.065500	2.100000	0.316228
0.065550	2.800000	0.421637
0.065600	4.000000	0.000000
0.065650	5.800000	0.421637
0.065700	7.800000	0.421637
0.065750	10.200000	0.421637
0.065800	13.700000	0.483046
0.065850	17.400000	0.516398
0.065900	21.700000	0.483046
0.065950	26.200000	0.632456
0.066000	31.000000	0.000000
0.066050	36.300000	0.483046
0.066100	42.000000	0.000000
0.066150	47.100000	0.316228
0.066200	51.700000	0.483046
0.066250	56.000000	0.000000
0.066300	58.900000	0.316228
0.066350	61.000000	0.000000
0.066400	62.000000	0.000000
0.066450	61.300000	0.483046
0.066500	60.000000	0.000000
0.066550	57.000000	0.000000
0.066600	52.800000	0.421637
0.066650	47.800000	0.421637
0.066700	41.100000	0.316228
0.066750	35.000000	0.000000
0.066800	28.100000	0.316228
0.066850	21.200000	0.421637
0.066900	15.300000	0.483046
0.066950	10.700000	0.483046
0.067000	6.600000	0.516398
0.067050	4.300000	0.483046
0.067100	3.900000	0.316228
0.067150	5.900000	0.316228
0.067200	10.000000	0.000000
0.067250	16.000000	0.471405
0.067300	24.100000	0.316228
0.067350	34.900000	0.316228
0.067400	46.200000	0.632456
0.067450	61.000000	0.000000
0.067500	76.100000	0.316228
0.067550	92.000000	0.000000
0.067600	107.800000	0.421637
0.067650	125.000000	0.000000
0.067700	140.900000	0.316228
0.067750	155.200000	0.421637
0.067800	168.200000	0.632456
0.067850	178.100000	0.316228
0.067900	185.000000	0.000000
0.067950	188.100000	0.316228
0.068000	188.200000	0.421637
0.068050	184.100000	0.316228
0.068100	176.700000	0.483046
0.068150	166.000000	0.000000
0.068200	151.800000	0.421637
0.068250	136.700000	0.483046
0.068300	117.600000	0.699206
0.068350	99.300000	0.483046
0.068400	80.200000	0.632456
0.068450	61.300000	0.674949
0.068500	45.700000	0.483046
0.068550	31.300000	0.483046
0.068600	19.800000	0.421637
0.068650	11.100000	0.316228
0.068700	6.800000	0.421637
0.068750	6.200000	0.421637
0.068800	10.200000	0.421637
0.068850	18.600000	0.516398
0.068900	30.000000	0.000000
0.068950	44.900000	0.567646
0.069000	63.500000	0.707107
0.069050	84.100000	0.316228
0.069100	106.600000	0.516398
0.069150	129.900000	0.316228
0.069200	154.900000	0.316228
0.069250	178.000000	0.471405
0.069300	200.700000	0.483046
0.069350	220.800000	0.421637
0.069400	237.800000	0.421637
0.069450	250.000000	0.000000
0.069500	257.900000	0.316228
0.069550	261.200000	0.421637
0.069600	259.100000	0.316228
0.069650	252.800000	0.421637
0.069700	241.200000	0.421637
0.069750	225.900000	0.316228
0.069800	206.800000	0.421637
0.069850	185.000000	0.000000
0.069900	161.400000	0.516398
0.069950	137.100000	0.316228
0.070000	112.200000	0.421637
0.070050	88.700000	0.483046
0.070100	67.100000	0.316228
0.070150	47.200000	0.421637
0.070200	31.000000	0.000000
0.070250	19.000000	0.000000
0.070300	10.500000	0.527046
0.070350	6.200000	0.421637
0.070400	6.400000	0.516398
0.070450	10.100000	0.316228
0.070500	18.000000	0.000000
0.070550	28.900000	0.316228
0.070600	42.200000	0.421637
0.070650	58.200000	0.421637
0.070700	76.000000	0.000000
0.070750	94.000000	0.000000
0.070800	112.200000	0.632456
0.070850	130.100000	0.316228
0.070900	147.100000	0.316228
0.070950	161.100000	0.567646
0.071000	173.400000	0.516398
0.071050	182.000000	0.000000
0.071100	186.900000	0.316228
0.071150	188.100000	0.316228
0.071200	185.900000	0.316228
0.071250	180.100000	0.316228
0.071300	171.000000	0.000000
0.071350	159.100000	0.567646
0.071400	145.100000	0.316228
0.071450	130.000000	0.000000
0.071500	112.900000	0.316228
0.071550	96.000000	0.000000
0.071600	79.000000	0.000000
0.071650	63.500000	0.527046
0.071700	48.300000	0.483046
0.071750	35.300000	0.483046
0.071800	25.100000	0.316228
0.071850	15.700000	0.483046
0.071900	10.000000	0.000000
0.071950	6.000000	0.000000
0.072000	4.000000	0.000000
0.072050	4.000000	0.000000
0.072100	6.000000	0.000000
0.072150	9.800000	0.421637
0.072200	14.100000	0.316228
0.072250	20.000000	0.000000
0.072300	26.000000	0.000000
0.072350	32.600000	0.516398
0.072400	38.800000	0.421637
0.072450	45.000000	0.471405
0.072500	50.000000	0.000000
0.072550	54.500000	0.527046
0.072600	58.100000	0.316228
0.072650	59.900000	0.316228
0.072700	60.700000	0.483046
0.072750	60.000000	0.000000
0.072800	58.300000	0.483046
0.072850	55.600000	0.516398
0.072900	51.800000	0.421637
0.072950	47.600000	0.516398
0.073000	42.500000	0.527046
0.073050	37.300000	0.483046
0.073100	32.100000	0.316228
0.073150	27.200000	0.421637
0.073200	22.000000	0.000000
0.073250	17.800000	0.421637
0.073300	14.000000	0.000000
0.073350	10.000000	0.000000
0.073400	7.800000	0.421637
0.073450	5.300000	0.483046
0.073500	4.000000	0.000000
0.073550	3.000000	0.000000
0.073600	2.300000	0.483046
0.073650	2.100000	0.316228
0.073700	2.000000	0.000000
0.073750	2.200000	0.421637
0.073800	2.800000	0.421637
0.073850	2.900000	0.316228
0.073900	3.800000	0.421637
0.073950	3.900000	0.567646
0.074000	4.100000	0.316228
0.074050	5.000000	0.000000
0.074100	4.900000	0.316228
0.074150	5.000000	0.000000
0.074200	5.000000	0.000000
0.074250	4.800000	0.421637
0.074300	4.200000	0.421637
0.074350	4.000000	0.000000
0.074400	4.000000	0.000000
0.074450	3.100000	0.316228
0.074500	3.000000	0.000000
0.074550	2.900000	0.316228
0.074600	2.100000	0.316228
0.074650	2.100000	0.316228
0.074700	2.100000	0.316228
0.074750	1.900000	0.316228
0.074800	1.600000	0.516398
0.074850	1.600000	0.516398
0.074900	1.000000	0.471405
0.074950	1.200000	0.421637
0.075000	1.100000	0.316228
0.075050	1.100000	0.316228
0.075100	1.000000	0.000000
0.075150	1.000000	0.000000
0.075200	1.000000	0.000000
0.075250	1.000000	0.000000
0.075300	1.200000	0.421637
0.075350	1.100000	0.316228
0.075400	1.900000	0.316228
0.075450	1.900000	0.316228
0.075500	2.000000	0.000000
0.075550	2.900000	0.316228
0.075600	3.500000	0.527046
0.075650	4.000000	0.000000
0.075700	4.900000	0.316228
0.075750	5.800000	0.421637
0.075800	6.400000	0.516398
0.075850	7.000000	0.000000
0.075900	8.000000	0.000000
0.075950	8.700000	0.483046
0.076000	9.300000	0.483046
0.076050	10.000000	0.000000
0.076100	10.000000	0.000000
0.076150	10.000000	0.000000
0.076200	10.000000	0.000000
0.076250	9.900000	0.316228
0.076300	9.000000	0.000000
0.076350	8.600000	0.516398
0.076400	8.000000	0.000000
0.076450	7.000000	0.000000
0.076500	5.800000	0.421637
0.076550	5.000000	0.000000
0.076600	3.900000	0.316228
0.076650	3.000000	0.000000
0.076700	2.200000	0.421637
0.076750	1.900000	0.567646
0.076800	1.500000	0.527046
0.076850	1.000000	0.471405
0.076900	1.000000	0.000000
0.076950	1.000000	0.000000
0.077000	1.500000	0.527046
0.077050	2.000000	0.000000
0.077100	2.600000	0.516398
0.077150	3.200000	0.421637
0.077200	4.200000	0.421637
0.077250	5.000000	0.000000
0.077300	6.100000	0.316228
0.077350	7.100000	0.316228
0.077400	8.000000	0.000000
0.077450	8.900000	0.316228
0.077500	9.100000	0.316228
0.077550	9.900000	0.316228
0.077600	10.000000	0.000000
0.077650	10.000000	0.000000
0.077700	10.200000	0.421637
0.077750	10.000000	0.000000
0.077800	9.700000	0.483046
0.077850	9.000000	0.000000
0.077900	7.900000	0.316228
0.077950	7.200000	0.421637
