0.068000	4.600000	0.547723
0.068050	4.600000	0.547723
0.068100	4.600000	0.547723
0.068150	5.000000	0.000000
0.068200	5.000000	0.000000
0.068250	5.000000	0.000000
0.068300	5.000000	0.000000
0.068350	5.200000	0.447214
0.068400	5.000000	0.000000
0.068450	5.200000	0.447214
0.068500	5.000000	0.000000
0.068550	5.200000	0.447214
0.068600	5.000000	0.000000
0.068650	5.600000	0.547723
0.068700	5.400000	0.547723
0.068750	5.600000	0.547723
0.068800	5.600000	0.547723
0.068850	5.600000	0.547723
0.068900	5.800000	0.447214
0.068950	6.000000	0.000000
0.069000	6.200000	0.447214
0.069050	6.000000	0.000000
0.069100	6.200000	0.836660
0.069150	6.200000	0.447214
0.069200	6.800000	0.447214
0.069250	7.000000	0.000000
0.069300	7.000000	0.000000
0.069350	7.000000	0.707107
0.069400	8.000000	0.000000
0.069450	8.600000	0.547723
0.069500	9.600000	0.547723
0.069550	11.800000	0.447214
0.069600	14.200000	0.447214
0.069650	17.800000	0.447214
0.069700	21.800000	0.447214
0.069750	28.000000	0.000000
0.069800	34.800000	0.447214
0.069850	44.600000	0.547723
0.069900	57.000000	0.000000
0.069950	74.200000	0.447214
0.070000	98.400000	0.547723
0.070050	130.200000	0.447214
0.070100	174.000000	0.000000
0.070150	232.800000	0.447214
0.070200	309.600000	0.547723
0.070250	406.600000	0.547723
0.070300	526.600000	0.547723
0.070350	665.800000	0.447214
0.070400	818.800000	0.836660
0.070450	942.800000	2.167948
0.070500	943.000000	0.000000
0.070550	939.000000	5.477226
0.070600	943.200000	0.447214
0.070650	943.200000	0.447214
0.070700	942.200000	1.788854
0.070750	943.200000	0.836660
0.070800	936.000000	6.164414
0.070850	942.800000	0.447214
0.070900	943.000000	0.000000
0.070950	937.200000	5.310367
0.071000	943.200000	0.447214
0.071050	924.000000	0.707107
0.071100	746.800000	0.447214
0.071150	587.200000	1.095445
0.071200	450.800000	0.447214
0.071250	341.600000	0.547723
0.071300	252.600000	0.547723
0.071350	184.800000	0.447214
0.071400	135.000000	0.000000
0.071450	97.200000	0.447214
0.071500	71.000000	0.000000
0.071550	53.000000	0.000000
0.071600	40.600000	0.547723
0.071650	31.000000	0.000000
0.071700	25.200000	0.447214
0.071750	20.000000	0.000000
0.071800	16.000000	0.000000
0.071850	13.400000	0.547723
0.071900	11.000000	0.000000
0.071950	9.200000	0.447214
