0.068000	4.000000	0.000000
0.068050	4.200000	0.447214
0.068100	4.400000	0.547723
0.068150	4.200000	0.447214
0.068200	4.200000	0.447214
0.068250	4.400000	0.547723
0.068300	4.400000	0.547723
0.068350	4.200000	0.447214
0.068400	4.400000	0.547723
0.068450	4.200000	0.447214
0.068500	4.600000	0.547723
0.068550	4.400000	0.547723
0.068600	4.000000	0.000000
0.068650	4.600000	0.547723
0.068700	4.400000	0.547723
0.068750	4.200000	0.447214
0.068800	4.800000	0.447214
0.068850	4.600000	0.547723
0.068900	4.400000	0.547723
0.068950	4.800000	0.447214
0.069000	4.400000	0.547723
0.069050	4.800000	0.447214
0.069100	4.600000	0.547723
0.069150	4.800000	0.447214
0.069200	4.800000	0.447214
0.069250	5.000000	0.000000
0.069300	5.000000	0.000000
0.069350	5.000000	0.000000
0.069400	5.000000	0.000000
0.069450	5.000000	0.000000
0.069500	5.200000	0.447214
0.069550	5.400000	0.547723
0.069600	6.000000	0.000000
0.069650	6.200000	0.447214
0.069700	7.000000	0.000000
0.069750	7.800000	0.447214
0.069800	8.800000	0.447214
0.069850	10.200000	0.447214
0.069900	12.000000	0.000000
0.069950	14.600000	0.547723
0.070000	17.000000	0.000000
0.070050	19.400000	0.547723
0.070100	22.800000	0.447214
0.070150	27.000000	0.707107
0.070200	32.200000	0.447214
0.070250	36.000000	0.000000
0.070300	43.000000	0.000000
0.070350	48.400000	0.547723
0.070400	54.200000	0.447214
0.070450	59.000000	0.000000
0.070500	62.800000	0.447214
0.070550	65.400000	0.547723
0.070600	67.000000	0.000000
0.070650	68.000000	0.000000
0.070700	68.800000	0.447214
0.070750	68.000000	0.000000
0.070800	68.000000	0.000000
0.070850	67.000000	0.707107
0.070900	65.600000	0.547723
0.070950	63.000000	0.000000
0.071000	59.000000	0.000000
0.071050	55.200000	0.447214
0.071100	50.400000	0.547723
0.071150	46.000000	0.000000
0.071200	40.600000	0.547723
0.071250	36.000000	0.000000
0.071300	31.200000	0.447214
0.071350	27.200000	0.447214
0.071400	23.200000	0.447214
0.071450	20.000000	0.707107
0.071500	17.000000	0.000000
0.071550	14.200000	0.447214
0.071600	12.400000	0.547723
0.071650	11.000000	0.000000
0.071700	9.800000	0.447214
0.071750	8.600000	0.547723
0.071800	8.000000	0.000000
0.071850	7.600000	0.547723
0.071900	6.400000	0.547723
0.071950	5.800000	0.447214
