0.068000	4.000000	0.000000
0.068050	4.000000	0.000000
0.068100	4.200000	0.447214
0.068150	4.200000	0.447214
0.068200	4.000000	0.000000
0.068250	4.000000	0.000000
0.068300	4.000000	0.000000
0.068350	4.400000	0.547723
0.068400	3.800000	0.447214
0.068450	4.200000	0.447214
0.068500	4.000000	0.000000
0.068550	4.000000	0.000000
0.068600	4.000000	0.000000
0.068650	4.600000	0.547723
0.068700	4.000000	0.000000
0.068750	4.600000	0.547723
0.068800	4.200000	0.447214
0.068850	4.200000	0.447214
0.068900	4.600000	0.547723
0.068950	4.200000	0.447214
0.069000	4.400000	0.547723
0.069050	5.000000	0.000000
0.069100	4.600000	0.547723
0.069150	4.200000	0.447214
0.069200	4.800000	0.447214
0.069250	4.400000	0.547723
0.069300	4.800000	0.447214
0.069350	4.600000	0.547723
0.069400	5.200000	0.447214
0.069450	5.000000	0.000000
0.069500	5.200000	0.447214
0.069550	5.400000	0.547723
0.069600	5.800000	0.447214
0.069650	6.200000	0.447214
0.069700	6.600000	0.547723
0.069750	7.000000	0.000000
0.069800	7.800000	0.447214
0.069850	9.000000	0.000000
0.069900	10.200000	0.447214
0.069950	11.400000	0.547723
0.070000	13.400000	0.547723
0.070050	15.000000	0.000000
0.070100	16.800000	0.447214
0.070150	19.200000	0.447214
0.070200	22.000000	0.000000
0.070250	24.000000	0.000000
0.070300	26.000000	0.000000
0.070350	27.800000	0.447214
0.070400	29.000000	0.000000
0.070450	29.400000	0.547723
0.070500	29.200000	0.447214
0.070550	28.400000	0.547723
0.070600	28.000000	0.000000
0.070650	28.000000	0.000000
0.070700	28.000000	0.707107
0.070750	29.800000	0.447214
0.070800	31.800000	0.836660
0.070850	33.800000	0.447214
0.070900	35.200000	0.447214
0.070950	36.200000	0.447214
0.071000	35.800000	0.447214
0.071050	33.400000	0.547723
0.071100	31.200000	0.447214
0.071150	28.400000	0.547723
0.071200	25.000000	0.000000
0.071250	22.000000	0.000000
0.071300	19.000000	0.000000
0.071350	17.000000	0.000000
0.071400	14.400000	0.547723
0.071450	13.000000	0.000000
0.071500	11.000000	0.000000
0.071550	9.800000	0.447214
0.071600	8.600000	0.547723
0.071650	8.000000	0.000000
0.071700	7.000000	0.000000
0.071750	7.000000	0.000000
0.071800	6.000000	0.707107
0.071850	5.800000	0.447214
0.071900	5.600000	0.547723
0.071950	5.400000	0.547723
