0.068000	4.000000	0.000000
0.068050	4.200000	0.447214
0.068100	4.000000	0.000000
0.068150	4.200000	0.447214
0.068200	4.200000	0.447214
0.068250	4.000000	0.000000
0.068300	4.000000	0.000000
0.068350	4.200000	0.447214
0.068400	4.400000	0.547723
0.068450	4.400000	0.547723
0.068500	4.200000	0.447214
0.068550	4.200000	0.447214
0.068600	4.200000	0.836660
0.068650	4.200000	0.447214
0.068700	4.200000	0.447214
0.068750	5.000000	0.000000
0.068800	4.800000	0.447214
0.068850	4.400000	0.547723
0.068900	4.400000	0.547723
0.068950	4.800000	0.447214
0.069000	4.800000	0.447214
0.069050	4.800000	0.447214
0.069100	5.000000	0.000000
0.069150	5.200000	0.447214
0.069200	5.000000	0.000000
0.069250	4.800000	0.447214
0.069300	5.000000	0.000000
0.069350	5.000000	0.000000
0.069400	5.000000	0.000000
0.069450	5.000000	0.000000
0.069500	5.600000	0.547723
0.069550	6.000000	0.000000
0.069600	6.400000	0.547723
0.069650	7.000000	0.000000
0.069700	7.800000	0.447214
0.069750	9.200000	0.447214
0.069800	10.000000	0.000000
0.069850	12.000000	0.000000
0.069900	14.000000	0.000000
0.069950	17.000000	0.000000
0.070000	20.800000	0.447214
0.070050	25.200000	0.447214
0.070100	30.200000	0.447214
0.070150	37.000000	0.000000
0.070200	46.000000	0.707107
0.070250	58.400000	0.547723
0.070300	71.400000	0.547723
0.070350	86.000000	0.000000
0.070400	103.000000	0.000000
0.070450	122.200000	0.447214
0.070500	142.200000	0.447214
0.070550	162.800000	0.447214
0.070600	183.000000	0.000000
0.070650	201.200000	0.447214
0.070700	216.200000	0.447214
0.070750	228.000000	0.000000
0.070800	232.000000	0.000000
0.070850	230.000000	0.000000
0.070900	220.000000	0.000000
0.070950	204.000000	0.000000
0.071000	182.000000	0.000000
0.071050	156.800000	0.447214
0.071100	131.600000	0.547723
0.071150	106.200000	0.447214
0.071200	84.800000	0.447214
0.071250	66.400000	0.547723
0.071300	50.600000	0.547723
0.071350	38.400000	0.547723
0.071400	30.000000	0.000000
0.071450	23.200000	0.447214
0.071500	18.200000	0.447214
0.071550	14.800000	0.447214
0.071600	12.000000	0.000000
0.071650	10.000000	0.000000
0.071700	9.000000	0.000000
0.071750	8.000000	0.000000
0.071800	7.000000	0.000000
0.071850	6.400000	0.547723
0.071900	6.000000	0.000000
0.071950	5.600000	0.547723
