0.068000	4.200000	0.447214
0.068050	4.400000	0.547723
0.068100	4.000000	0.000000
0.068150	4.200000	0.447214
0.068200	4.600000	0.547723
0.068250	4.200000	0.447214
0.068300	4.000000	0.000000
0.068350	4.000000	0.000000
0.068400	4.600000	0.547723
0.068450	4.000000	0.000000
0.068500	4.400000	0.547723
0.068550	4.000000	0.000000
0.068600	4.400000	0.547723
0.068650	4.400000	0.547723
0.068700	4.200000	0.447214
0.068750	4.600000	0.547723
0.068800	4.400000	0.547723
0.068850	4.400000	0.547723
0.068900	4.400000	0.547723
0.068950	5.000000	0.000000
0.069000	4.600000	0.547723
0.069050	4.200000	0.447214
0.069100	4.600000	0.547723
0.069150	4.800000	0.447214
0.069200	4.400000	0.547723
0.069250	5.000000	0.000000
0.069300	4.800000	0.447214
0.069350	5.000000	0.000000
0.069400	4.600000	0.894427
0.069450	5.200000	0.447214
0.069500	5.200000	0.447214
0.069550	5.200000	0.447214
0.069600	6.400000	0.547723
0.069650	6.000000	0.000000
0.069700	7.000000	0.000000
0.069750	7.000000	0.000000
0.069800	8.000000	0.000000
0.069850	9.200000	0.447214
0.069900	10.600000	0.547723
0.069950	12.200000	0.447214
0.070000	14.200000	0.836660
0.070050	16.000000	0.000000
0.070100	18.000000	0.000000
0.070150	20.800000	0.447214
0.070200	24.000000	0.000000
0.070250	26.000000	0.707107
0.070300	29.000000	0.000000
0.070350	31.600000	0.547723
0.070400	34.000000	0.000000
0.070450	36.000000	0.000000
0.070500	37.600000	0.547723
0.070550	38.600000	0.547723
0.070600	40.200000	0.447214
0.070650	42.000000	0.000000
0.070700	44.000000	0.000000
0.070750	46.400000	0.547723
0.070800	49.200000	0.447214
0.070850	51.000000	0.000000
0.070900	51.600000	0.547723
0.070950	51.000000	0.000000
0.071000	48.400000	0.547723
0.071050	44.200000	0.447214
0.071100	39.600000	0.547723
0.071150	34.200000	0.447214
0.071200	29.800000	0.447214
0.071250	25.200000	0.447214
0.071300	21.200000	0.447214
0.071350	18.000000	0.707107
0.071400	15.400000	0.547723
0.071450	13.000000	0.000000
0.071500	12.000000	0.000000
0.071550	10.000000	0.000000
0.071600	9.000000	0.000000
0.071650	8.000000	0.000000
0.071700	7.400000	0.547723
0.071750	7.000000	0.000000
0.071800	6.400000	0.547723
0.071850	5.800000	0.447214
0.071900	5.800000	0.447214
0.071950	5.200000	0.447214
