0.068000	4.000000	0.000000
0.068050	4.200000	0.447214
0.068100	4.200000	0.447214
0.068150	4.600000	0.547723
0.068200	4.000000	0.000000
0.068250	4.200000	0.447214
0.068300	5.000000	0.000000
0.068350	4.200000	0.447214
0.068400	4.000000	0.000000
0.068450	4.000000	0.000000
0.068500	4.000000	0.000000
0.068550	4.200000	0.447214
0.068600	4.000000	0.000000
0.068650	4.000000	0.000000
0.068700	4.000000	0.000000
0.068750	4.800000	0.447214
0.068800	4.600000	0.547723
0.068850	4.200000	0.447214
0.068900	4.600000	0.547723
0.068950	4.200000	0.447214
0.069000	4.400000	0.547723
0.069050	4.400000	0.547723
0.069100	4.400000	0.547723
0.069150	4.800000	0.447214
0.069200	4.400000	0.547723
0.069250	5.000000	0.000000
0.069300	4.600000	0.547723
0.069350	4.800000	0.447214
0.069400	5.200000	0.447214
0.069450	5.000000	0.000000
0.069500	5.400000	0.547723
0.069550	5.000000	0.000000
0.069600	6.000000	0.000000
0.069650	6.200000	0.447214
0.069700	6.400000	0.547723
0.069750	7.200000	0.447214
0.069800	7.800000	0.447214
0.069850	9.200000	0.447214
0.069900	10.400000	0.547723
0.069950	12.200000	0.447214
0.070000	13.800000	0.447214
0.070050	15.200000	0.447214
0.070100	18.000000	0.000000
0.070150	20.200000	0.447214
0.070200	23.000000	0.000000
0.070250	25.800000	0.447214
0.070300	29.000000	0.000000
0.070350	31.000000	0.000000
0.070400	33.200000	0.836660
0.070450	34.600000	0.547723
0.070500	35.800000	0.447214
0.070550	37.800000	0.836660
0.070600	39.400000	0.547723
0.070650	40.600000	0.547723
0.070700	43.200000	0.447214
0.070750	45.200000	0.836660
0.070800	47.800000	0.447214
0.070850	49.400000	0.547723
0.070900	50.800000	0.447214
0.070950	50.000000	0.000000
0.071000	47.800000	0.447214
0.071050	44.000000	0.707107
0.071100	39.200000	0.447214
0.071150	34.600000	0.547723
0.071200	29.600000	0.547723
0.071250	25.400000	0.547723
0.071300	21.200000	0.447214
0.071350	18.000000	0.707107
0.071400	15.200000	0.447214
0.071450	13.000000	0.000000
0.071500	11.200000	0.447214
0.071550	10.000000	0.000000
0.071600	8.800000	0.447214
0.071650	8.000000	0.000000
0.071700	7.200000	0.447214
0.071750	6.200000	0.447214
0.071800	6.200000	0.447214
0.071850	6.000000	0.000000
0.071900	5.600000	0.547723
0.071950	5.200000	0.447214
