0.068000	0.200000	0.447214
0.068050	0.800000	0.447214
0.068100	0.400000	0.547723
0.068150	0.200000	0.447214
0.068200	0.400000	0.547723
0.068250	0.400000	0.547723
0.068300	0.600000	0.547723
0.068350	0.400000	0.547723
0.068400	0.600000	0.547723
0.068450	0.200000	0.447214
0.068500	0.400000	0.547723
0.068550	0.600000	0.547723
0.068600	0.400000	0.547723
0.068650	0.200000	0.447214
0.068700	0.600000	0.547723
0.068750	0.600000	0.547723
0.068800	0.200000	0.447214
0.068850	0.400000	0.547723
0.068900	0.400000	0.547723
0.068950	0.400000	0.547723
0.069000	0.800000	0.447214
0.069050	1.000000	0.000000
0.069100	0.600000	0.547723
0.069150	0.800000	0.447214
0.069200	0.200000	0.447214
0.069250	0.400000	0.547723
0.069300	0.600000	0.547723
0.069350	0.800000	0.447214
0.069400	1.000000	0.000000
0.069450	0.800000	0.447214
0.069500	0.800000	0.447214
0.069550	1.000000	0.000000
0.069600	1.000000	0.000000
0.069650	1.000000	0.000000
0.069700	1.000000	0.000000
0.069750	1.000000	0.000000
0.069800	2.000000	0.000000
0.069850	2.200000	0.447214
0.069900	3.000000	0.000000
0.069950	3.600000	0.547723
0.070000	5.000000	0.000000
0.070050	6.000000	0.000000
0.070100	8.000000	0.000000
0.070150	10.000000	0.000000
0.070200	12.800000	0.447214
0.070250	17.000000	0.000000
0.070300	22.200000	0.447214
0.070350	27.800000	0.447214
0.070400	34.000000	0.000000
0.070450	40.800000	0.836660
0.070500	49.000000	0.000000
0.070550	56.000000	0.000000
0.070600	63.000000	0.000000
0.070650	69.000000	0.000000
0.070700	73.400000	0.547723
0.070750	75.800000	0.447214
0.070800	76.000000	0.707107
0.070850	74.000000	0.000000
0.070900	70.000000	0.000000
0.070950	65.000000	0.000000
0.071000	57.600000	0.547723
0.071050	49.800000	0.447214
0.071100	43.000000	0.000000
0.071150	36.000000	0.000000
0.071200	30.000000	0.000000
0.071250	24.600000	0.547723
0.071300	19.800000	0.447214
0.071350	15.600000	0.547723
0.071400	11.800000	0.447214
0.071450	9.400000	0.547723
0.071500	7.400000	0.547723
0.071550	5.600000	0.547723
0.071600	4.400000	0.547723
0.071650	3.400000	0.547723
0.071700	3.000000	0.000000
0.071750	2.200000	0.447214
0.071800	2.000000	0.000000
0.071850	2.000000	0.000000
0.071900	1.000000	0.707107
0.071950	1.000000	0.000000
