0.068000	0.600000	0.547723
0.068050	0.400000	0.547723
0.068100	0.800000	0.447214
0.068150	0.600000	0.547723
0.068200	0.200000	0.447214
0.068250	0.400000	0.547723
0.068300	0.400000	0.547723
0.068350	0.800000	0.447214
0.068400	0.400000	0.547723
0.068450	0.400000	0.547723
0.068500	0.000000	0.000000
0.068550	0.600000	0.547723
0.068600	0.200000	0.447214
0.068650	0.400000	0.547723
0.068700	0.600000	0.547723
0.068750	0.400000	0.547723
0.068800	0.600000	0.547723
0.068850	0.600000	0.547723
0.068900	0.600000	0.547723
0.068950	0.600000	0.547723
0.069000	0.600000	0.547723
0.069050	0.600000	0.547723
0.069100	1.000000	0.000000
0.069150	0.800000	0.447214
0.069200	1.000000	0.000000
0.069250	0.800000	0.447214
0.069300	1.000000	0.000000
0.069350	1.000000	0.000000
0.069400	1.000000	0.000000
0.069450	1.000000	0.000000
0.069500	1.000000	0.707107
0.069550	1.000000	0.000000
0.069600	1.000000	0.000000
0.069650	2.000000	0.000000
0.069700	2.000000	0.000000
0.069750	3.000000	0.000000
0.069800	3.000000	0.000000
0.069850	4.200000	0.447214
0.069900	5.600000	0.547723
0.069950	7.000000	0.000000
0.070000	9.600000	0.547723
0.070050	12.400000	0.547723
0.070100	16.800000	0.447214
0.070150	22.000000	0.000000
0.070200	30.000000	0.000000
0.070250	38.800000	0.447214
0.070300	50.000000	0.000000
0.070350	64.000000	0.000000
0.070400	79.000000	0.000000
0.070450	96.200000	0.836660
0.070500	113.600000	0.547723
0.070550	130.200000	0.447214
0.070600	146.000000	0.000000
0.070650	158.200000	0.447214
0.070700	166.800000	0.447214
0.070750	170.400000	0.547723
0.070800	168.000000	0.000000
0.070850	160.000000	0.000000
0.070900	148.000000	0.000000
0.070950	132.200000	0.447214
0.071000	113.000000	0.000000
0.071050	94.400000	0.547723
0.071100	76.600000	0.547723
0.071150	60.600000	0.547723
0.071200	47.000000	0.000000
0.071250	35.400000	0.547723
0.071300	26.200000	0.447214
0.071350	19.600000	0.547723
0.071400	14.000000	0.000000
0.071450	10.200000	0.447214
0.071500	7.000000	0.000000
0.071550	5.800000	0.447214
0.071600	4.200000	0.447214
0.071650	3.000000	0.000000
0.071700	2.600000	0.547723
0.071750	2.200000	0.447214
0.071800	1.800000	0.447214
0.071850	1.000000	0.000000
0.071900	1.000000	0.000000
0.071950	1.000000	0.000000
