0.068000	0.800000	0.447214
0.068050	1.000000	0.000000
0.068100	0.800000	0.447214
0.068150	0.400000	0.547723
0.068200	0.600000	0.547723
0.068250	1.000000	0.000000
0.068300	0.800000	0.447214
0.068350	0.600000	0.547723
0.068400	0.800000	0.447214
0.068450	0.400000	0.547723
0.068500	0.800000	0.447214
0.068550	0.600000	0.547723
0.068600	0.800000	0.447214
0.068650	1.000000	0.000000
0.068700	1.000000	0.000000
0.068750	1.000000	0.000000
0.068800	1.000000	0.000000
0.068850	1.000000	0.000000
0.068900	0.800000	0.447214
0.068950	1.000000	0.000000
0.069000	1.000000	0.000000
0.069050	1.000000	0.000000
0.069100	1.000000	0.000000
0.069150	1.000000	0.000000
0.069200	1.000000	0.000000
0.069250	1.000000	0.000000
0.069300	1.000000	0.000000
0.069350	1.000000	0.000000
0.069400	1.200000	0.836660
0.069450	1.200000	0.447214
0.069500	2.000000	0.000000
0.069550	2.000000	0.000000
0.069600	2.800000	0.447214
0.069650	4.000000	0.000000
0.069700	5.000000	0.000000
0.069750	6.800000	0.447214
0.069800	8.800000	0.447214
0.069850	11.200000	0.447214
0.069900	14.800000	0.447214
0.069950	20.200000	0.447214
0.070000	27.400000	0.547723
0.070050	37.200000	0.447214
0.070100	50.000000	0.000000
0.070150	67.200000	0.447214
0.070200	90.000000	0.000000
0.070250	119.000000	0.000000
0.070300	155.400000	0.547723
0.070350	196.600000	0.547723
0.070400	246.000000	1.224745
0.070450	295.800000	0.836660
0.070500	346.000000	1.000000
0.070550	397.200000	0.447214
0.070600	440.600000	1.140175
0.070650	473.400000	1.673320
0.070700	495.800000	0.447214
0.070750	500.200000	0.836660
0.070800	489.400000	0.547723
0.070850	461.400000	0.547723
0.070900	421.400000	0.547723
0.070950	372.800000	0.447214
0.071000	318.600000	0.547723
0.071050	263.200000	0.447214
0.071100	211.200000	0.447214
0.071150	166.600000	0.547723
0.071200	127.400000	0.547723
0.071250	97.000000	0.000000
0.071300	71.000000	0.000000
0.071350	51.400000	0.547723
0.071400	38.000000	0.000000
0.071450	27.200000	0.447214
0.071500	19.600000	0.547723
0.071550	14.000000	0.000000
0.071600	11.000000	0.000000
0.071650	8.000000	0.000000
0.071700	6.200000	0.447214
0.071750	5.200000	0.447214
0.071800	4.000000	0.000000
0.071850	2.600000	0.547723
0.071900	2.000000	0.000000
0.071950	1.800000	0.447214
