0.068000	0.800000	0.447214
0.068050	1.000000	0.000000
0.068100	0.800000	0.447214
0.068150	1.000000	0.000000
0.068200	0.800000	0.447214
0.068250	1.000000	0.000000
0.068300	0.800000	0.447214
0.068350	1.000000	0.000000
0.068400	1.000000	0.000000
0.068450	1.000000	0.000000
0.068500	1.000000	0.000000
0.068550	1.000000	0.000000
0.068600	1.000000	0.000000
0.068650	1.000000	0.000000
0.068700	1.000000	0.000000
0.068750	1.000000	0.000000
0.068800	1.200000	0.447214
0.068850	1.000000	0.000000
0.068900	1.000000	0.000000
0.068950	1.000000	0.000000
0.069000	1.000000	0.000000
0.069050	1.600000	0.547723
0.069100	1.000000	0.000000
0.069150	2.000000	0.000000
0.069200	1.800000	0.447214
0.069250	1.800000	0.447214
0.069300	1.800000	0.447214
0.069350	2.000000	0.000000
0.069400	1.600000	0.547723
0.069450	2.600000	0.547723
0.069500	3.000000	0.000000
0.069550	4.000000	0.000000
0.069600	5.400000	0.547723
0.069650	7.000000	0.000000
0.069700	9.800000	0.447214
0.069750	13.000000	0.000000
0.069800	17.200000	0.447214
0.069850	23.200000	0.447214
0.069900	31.000000	0.000000
0.069950	42.000000	0.000000
0.070000	57.000000	0.000000
0.070050	77.000000	0.000000
0.070100	105.000000	0.000000
0.070150	142.600000	0.894427
0.070200	191.800000	0.447214
0.070250	253.000000	0.707107
0.070300	329.400000	0.547723
0.070350	417.600000	0.547723
0.070400	514.600000	0.547723
0.070450	620.800000	0.836660
0.070500	728.600000	0.894427
0.070550	833.400000	1.140175
0.070600	919.200000	0.447214
0.070650	943.000000	0.000000
0.070700	943.000000	0.000000
0.070750	937.800000	7.596052
0.070800	943.400000	0.547723
0.070850	931.400000	1.140175
0.070900	847.000000	0.000000
0.070950	742.800000	0.447214
0.071000	629.000000	0.707107
0.071050	520.400000	0.547723
0.071100	418.000000	0.707107
0.071150	327.200000	0.447214
0.071200	252.400000	0.547723
0.071250	189.600000	0.894427
0.071300	140.000000	0.000000
0.071350	102.000000	0.000000
0.071400	74.000000	0.000000
0.071450	53.200000	0.447214
0.071500	38.600000	0.547723
0.071550	28.200000	0.447214
0.071600	20.800000	0.836660
0.071650	15.800000	0.447214
0.071700	12.000000	0.000000
0.071750	9.000000	0.000000
0.071800	7.200000	0.447214
0.071850	5.000000	0.000000
0.071900	4.000000	0.000000
0.071950	2.800000	0.447214
