0.068000	0.600000	0.547723
0.068050	0.200000	0.447214
0.068100	0.600000	0.547723
0.068150	0.200000	0.447214
0.068200	0.200000	0.447214
0.068250	0.400000	0.547723
0.068300	0.400000	0.547723
0.068350	0.600000	0.547723
0.068400	0.000000	0.000000
0.068450	0.400000	0.547723
0.068500	0.200000	0.447214
0.068550	0.200000	0.447214
0.068600	0.200000	0.447214
0.068650	0.600000	0.547723
0.068700	0.400000	0.547723
0.068750	0.800000	0.447214
0.068800	0.400000	0.547723
0.068850	0.800000	0.447214
0.068900	0.200000	0.447214
0.068950	0.400000	0.547723
0.069000	0.800000	0.447214
0.069050	0.200000	0.447214
0.069100	0.400000	0.547723
0.069150	0.400000	0.547723
0.069200	0.800000	0.447214
0.069250	0.400000	0.547723
0.069300	0.200000	0.447214
0.069350	0.800000	0.447214
0.069400	0.600000	0.547723
0.069450	0.800000	0.447214
0.069500	0.200000	0.447214
0.069550	0.600000	0.547723
0.069600	0.400000	0.547723
0.069650	1.000000	0.000000
0.069700	0.800000	0.447214
0.069750	1.000000	0.000000
0.069800	1.000000	0.000000
0.069850	1.000000	0.000000
0.069900	0.800000	0.447214
0.069950	1.000000	0.000000
0.070000	1.200000	0.447214
0.070050	1.400000	0.547723
0.070100	1.800000	0.447214
0.070150	1.800000	0.447214
0.070200	2.000000	0.000000
0.070250	2.400000	0.547723
0.070300	3.000000	0.000000
0.070350	3.000000	0.000000
0.070400	3.000000	0.707107
0.070450	3.600000	0.547723
0.070500	4.000000	0.000000
0.070550	4.000000	0.000000
0.070600	4.000000	0.000000
0.070650	4.200000	0.447214
0.070700	4.200000	0.447214
0.070750	4.400000	0.547723
0.070800	4.800000	0.447214
0.070850	5.000000	0.000000
0.070900	5.000000	0.000000
0.070950	5.000000	0.000000
0.071000	4.800000	0.447214
0.071050	4.200000	0.447214
0.071100	4.000000	0.000000
0.071150	3.200000	0.447214
0.071200	3.000000	0.000000
0.071250	2.000000	0.000000
0.071300	2.000000	0.000000
0.071350	2.000000	0.000000
0.071400	1.200000	0.447214
0.071450	1.200000	0.447214
0.071500	1.000000	0.000000
0.071550	1.000000	0.000000
0.071600	1.000000	0.000000
0.071650	1.000000	0.000000
0.071700	1.000000	0.000000
0.071750	1.000000	0.000000
0.071800	0.600000	0.547723
0.071850	1.000000	0.000000
0.071900	0.800000	0.447214
0.071950	0.800000	0.447214
