0.068000	0.000000	0.000000
0.068050	0.000000	0.000000
0.068100	0.000000	0.000000
0.068150	0.200000	0.447214
0.068200	0.000000	0.000000
0.068250	0.200000	0.447214
0.068300	0.000000	0.000000
0.068350	0.000000	0.000000
0.068400	0.000000	0.000000
0.068450	0.000000	0.000000
0.068500	0.000000	0.000000
0.068550	0.000000	0.000000
0.068600	0.200000	0.447214
0.068650	0.000000	0.000000
0.068700	0.000000	0.000000
0.068750	0.000000	0.000000
0.068800	0.000000	0.000000
0.068850	0.000000	0.000000
0.068900	0.000000	0.000000
0.068950	0.200000	0.447214
0.069000	0.000000	0.000000
0.069050	0.200000	0.447214
0.069100	0.400000	0.547723
0.069150	0.200000	0.447214
0.069200	0.200000	0.447214
0.069250	0.200000	0.447214
0.069300	0.000000	0.000000
0.069350	0.200000	0.447214
0.069400	0.400000	0.547723
0.069450	0.800000	0.447214
0.069500	1.000000	0.000000
0.069550	1.200000	0.836660
0.069600	1.000000	0.000000
0.069650	1.000000	0.000000
0.069700	2.000000	0.000000
0.069750	2.600000	0.547723
0.069800	3.200000	0.447214
0.069850	4.000000	0.000000
0.069900	6.000000	0.000000
0.069950	8.000000	0.000000
0.070000	11.000000	0.000000
0.070050	14.600000	0.547723
0.070100	19.400000	0.547723
0.070150	26.000000	0.000000
0.070200	34.200000	0.447214
0.070250	45.000000	0.707107
0.070300	57.600000	0.547723
0.070350	72.800000	0.447214
0.070400	87.800000	0.447214
0.070450	104.200000	0.447214
0.070500	119.600000	0.547723
0.070550	133.600000	0.894427
0.070600	145.000000	0.000000
0.070650	152.800000	0.447214
0.070700	155.000000	0.000000
0.070750	153.000000	0.000000
0.070800	146.000000	0.000000
0.070850	134.600000	0.547723
0.070900	120.400000	0.547723
0.070950	104.000000	0.000000
0.071000	87.000000	0.707107
0.071050	71.200000	0.836660
0.071100	56.600000	0.547723
0.071150	44.200000	0.447214
0.071200	33.000000	0.000000
0.071250	25.600000	0.547723
0.071300	19.000000	0.000000
0.071350	14.000000	0.000000
0.071400	10.000000	0.000000
0.071450	7.000000	0.000000
0.071500	5.000000	0.000000
0.071550	4.000000	0.000000
0.071600	3.000000	0.000000
0.071650	2.000000	0.000000
0.071700	2.000000	0.000000
0.071750	1.000000	0.000000
0.071800	1.000000	0.000000
0.071850	1.000000	0.000000
0.071900	0.200000	0.447214
0.071950	0.000000	0.000000
