0.068000	0.000000	0.000000
0.068050	0.000000	0.000000
0.068100	0.000000	0.000000
0.068150	0.000000	0.000000
0.068200	0.000000	0.000000
0.068250	0.000000	0.000000
0.068300	0.000000	0.000000
0.068350	0.200000	0.447214
0.068400	0.000000	0.000000
0.068450	0.000000	0.000000
0.068500	0.000000	0.000000
0.068550	0.000000	0.000000
0.068600	0.000000	0.000000
0.068650	0.000000	0.000000
0.068700	0.000000	0.000000
0.068750	0.000000	0.000000
0.068800	0.000000	0.000000
0.068850	0.000000	0.000000
0.068900	0.000000	0.000000
0.068950	0.000000	0.000000
0.069000	0.000000	0.000000
0.069050	0.000000	0.000000
0.069100	0.000000	0.000000
0.069150	0.200000	0.447214
0.069200	0.000000	0.000000
0.069250	0.000000	0.000000
0.069300	0.000000	0.000000
0.069350	0.000000	0.000000
0.069400	0.200000	0.447214
0.069450	0.000000	0.000000
0.069500	0.000000	0.000000
0.069550	0.200000	0.447214
0.069600	0.200000	0.447214
0.069650	0.200000	0.447214
0.069700	1.000000	0.000000
0.069750	1.000000	0.000000
0.069800	1.000000	0.707107
0.069850	1.400000	0.547723
0.069900	2.000000	0.000000
0.069950	2.800000	0.447214
0.070000	3.800000	0.447214
0.070050	5.000000	0.000000
0.070100	6.400000	0.547723
0.070150	9.000000	0.000000
0.070200	11.800000	0.447214
0.070250	15.000000	0.000000
0.070300	19.600000	0.547723
0.070350	26.000000	0.000000
0.070400	32.800000	0.447214
0.070450	41.000000	0.000000
0.070500	50.000000	0.000000
0.070550	59.200000	0.447214
0.070600	68.400000	0.547723
0.070650	77.000000	0.000000
0.070700	84.400000	0.547723
0.070750	89.000000	0.000000
0.070800	92.000000	0.000000
0.070850	92.000000	0.000000
0.070900	88.000000	0.000000
0.070950	82.800000	0.447214
0.071000	75.000000	0.000000
0.071050	66.000000	0.000000
0.071100	56.000000	0.000000
0.071150	47.000000	0.000000
0.071200	38.800000	0.447214
0.071250	31.000000	0.000000
0.071300	24.200000	0.447214
0.071350	19.000000	0.000000
0.071400	14.000000	0.000000
0.071450	10.800000	0.447214
0.071500	8.000000	0.000000
0.071550	6.000000	0.000000
0.071600	4.000000	0.000000
0.071650	3.000000	0.000000
0.071700	2.000000	0.000000
0.071750	1.800000	0.447214
0.071800	1.200000	0.447214
0.071850	1.000000	0.000000
0.071900	1.000000	0.000000
0.071950	1.000000	0.000000
