0.068000	0.200000	0.447214
0.068050	0.000000	0.000000
0.068100	0.000000	0.000000
0.068150	0.000000	0.000000
0.068200	0.000000	0.000000
0.068250	0.000000	0.000000
0.068300	0.400000	0.547723
0.068350	0.000000	0.000000
0.068400	0.000000	0.000000
0.068450	0.000000	0.000000
0.068500	0.200000	0.447214
0.068550	0.000000	0.000000
0.068600	0.000000	0.000000
0.068650	0.000000	0.000000
0.068700	0.000000	0.000000
0.068750	0.000000	0.000000
0.068800	0.000000	0.000000
0.068850	0.000000	0.000000
0.068900	0.000000	0.000000
0.068950	0.000000	0.000000
0.069000	0.200000	0.447214
0.069050	0.000000	0.000000
0.069100	0.000000	0.000000
0.069150	0.000000	0.000000
0.069200	0.200000	0.447214
0.069250	0.400000	0.547723
0.069300	0.200000	0.447214
0.069350	0.800000	0.447214
0.069400	1.000000	0.000000
0.069450	1.000000	0.000000
0.069500	2.000000	0.000000
0.069550	2.200000	0.447214
0.069600	3.000000	0.000000
0.069650	4.000000	0.000000
0.069700	5.600000	0.547723
0.069750	7.800000	0.447214
0.069800	10.000000	0.000000
0.069850	14.000000	0.000000
0.069900	18.000000	0.000000
0.069950	25.000000	0.000000
0.070000	33.200000	0.447214
0.070050	44.800000	0.447214
0.070100	58.800000	0.447214
0.070150	76.000000	0.000000
0.070200	95.800000	0.447214
0.070250	118.600000	0.547723
0.070300	141.600000	0.547723
0.070350	164.000000	0.000000
0.070400	183.800000	0.447214
0.070450	199.000000	0.000000
0.070500	210.000000	0.000000
0.070550	214.000000	0.707107
0.070600	212.600000	0.547723
0.070650	203.800000	0.447214
0.070700	190.000000	0.000000
0.070750	171.000000	0.000000
0.070800	149.200000	0.447214
0.070850	126.000000	0.000000
0.070900	104.200000	0.447214
0.070950	84.200000	0.447214
0.071000	66.000000	0.000000
0.071050	51.400000	0.547723
0.071100	39.000000	0.000000
0.071150	28.600000	0.547723
0.071200	21.000000	0.000000
0.071250	15.000000	0.000000
0.071300	11.000000	0.000000
0.071350	8.000000	0.000000
0.071400	6.200000	0.447214
0.071450	4.200000	0.447214
0.071500	3.000000	0.000000
0.071550	3.000000	0.000000
0.071600	2.000000	0.000000
0.071650	1.400000	0.547723
0.071700	1.000000	0.000000
0.071750	1.000000	0.000000
0.071800	0.600000	0.547723
0.071850	0.400000	0.547723
0.071900	0.200000	0.447214
0.071950	0.000000	0.000000
