0.068000	0.000000	0.000000
0.068050	0.000000	0.000000
0.068100	0.000000	0.000000
0.068150	0.000000	0.000000
0.068200	0.000000	0.000000
0.068250	0.000000	0.000000
0.068300	0.000000	0.000000
0.068350	0.200000	0.447214
0.068400	0.000000	0.000000
0.068450	0.000000	0.000000
0.068500	0.000000	0.000000
0.068550	0.000000	0.000000
0.068600	0.000000	0.000000
0.068650	0.000000	0.000000
0.068700	0.000000	0.000000
0.068750	0.200000	0.447214
0.068800	0.200000	0.447214
0.068850	0.200000	0.447214
0.068900	0.200000	0.447214
0.068950	0.000000	0.000000
0.069000	0.200000	0.447214
0.069050	0.000000	0.000000
0.069100	0.400000	0.547723
0.069150	0.600000	0.547723
0.069200	0.600000	0.547723
0.069250	0.600000	0.547723
0.069300	0.600000	0.547723
0.069350	1.000000	0.000000
0.069400	1.000000	0.000000
0.069450	1.200000	0.447214
0.069500	2.200000	0.447214
0.069550	2.600000	0.547723
0.069600	3.800000	0.447214
0.069650	5.200000	0.447214
0.069700	7.000000	0.000000
0.069750	9.000000	0.000000
0.069800	11.800000	0.447214
0.069850	16.200000	0.447214
0.069900	22.000000	0.000000
0.069950	30.000000	0.000000
0.070000	41.000000	0.000000
0.070050	55.000000	0.000000
0.070100	74.000000	0.000000
0.070150	98.400000	0.547723
0.070200	128.400000	0.547723
0.070250	163.000000	0.000000
0.070300	201.000000	0.707107
0.070350	239.000000	0.000000
0.070400	275.000000	0.707107
0.070450	309.000000	0.000000
0.070500	338.000000	0.000000
0.070550	357.200000	0.447214
0.070600	366.000000	0.000000
0.070650	362.800000	0.447214
0.070700	348.000000	0.000000
0.070750	324.400000	0.547723
0.070800	294.400000	0.547723
0.070850	257.600000	0.547723
0.070900	218.800000	0.447214
0.070950	180.000000	0.000000
0.071000	144.000000	0.000000
0.071050	113.000000	0.000000
0.071100	86.000000	0.000000
0.071150	65.000000	0.000000
0.071200	48.000000	0.000000
0.071250	35.000000	0.707107
0.071300	25.400000	0.547723
0.071350	18.600000	0.547723
0.071400	13.600000	0.547723
0.071450	10.000000	0.000000
0.071500	7.200000	0.447214
0.071550	5.800000	0.447214
0.071600	4.000000	0.000000
0.071650	3.000000	0.000000
0.071700	2.400000	0.547723
0.071750	2.000000	0.000000
0.071800	1.000000	0.000000
0.071850	1.000000	0.000000
0.071900	1.000000	0.000000
0.071950	0.800000	0.447214
