0.068000	0.000000	0.000000
0.068050	0.000000	0.000000
0.068100	0.000000	0.000000
0.068150	0.000000	0.000000
0.068200	0.000000	0.000000
0.068250	0.000000	0.000000
0.068300	0.000000	0.000000
0.068350	0.000000	0.000000
0.068400	0.000000	0.000000
0.068450	0.000000	0.000000
0.068500	0.000000	0.000000
0.068550	0.000000	0.000000
0.068600	0.000000	0.000000
0.068650	0.200000	0.447214
0.068700	0.000000	0.000000
0.068750	0.000000	0.000000
0.068800	0.200000	0.447214
0.068850	0.000000	0.000000
0.068900	0.400000	0.547723
0.068950	0.200000	0.447214
0.069000	0.400000	0.547723
0.069050	0.000000	0.000000
0.069100	0.600000	0.547723
0.069150	0.600000	0.547723
0.069200	0.400000	0.547723
0.069250	0.200000	0.447214
0.069300	0.800000	0.447214
0.069350	0.800000	0.447214
0.069400	1.000000	0.000000
0.069450	1.000000	0.000000
0.069500	1.800000	0.447214
0.069550	2.000000	0.000000
0.069600	3.000000	0.000000
0.069650	4.200000	0.447214
0.069700	6.000000	0.000000
0.069750	8.200000	0.447214
0.069800	11.000000	0.000000
0.069850	14.800000	0.447214
0.069900	20.000000	0.000000
0.069950	27.400000	0.547723
0.070000	38.000000	0.707107
0.070050	50.200000	0.447214
0.070100	68.000000	0.000000
0.070150	90.200000	0.447214
0.070200	117.800000	0.447214
0.070250	148.800000	0.447214
0.070300	186.200000	3.492850
0.070350	223.600000	0.547723
0.070400	259.000000	0.000000
0.070450	295.000000	0.000000
0.070500	323.000000	0.000000
0.070550	343.800000	0.447214
0.070600	354.200000	0.447214
0.070650	354.000000	0.000000
0.070700	343.000000	0.000000
0.070750	321.000000	0.000000
0.070800	291.000000	0.000000
0.070850	255.400000	0.547723
0.070900	218.200000	0.447214
0.070950	180.800000	0.447214
0.071000	145.600000	0.547723
0.071050	114.800000	0.447214
0.071100	88.200000	0.447214
0.071150	67.200000	0.447214
0.071200	50.000000	0.000000
0.071250	36.600000	0.547723
0.071300	26.400000	0.547723
0.071350	19.000000	0.000000
0.071400	14.000000	0.000000
0.071450	10.000000	0.000000
0.071500	7.200000	0.447214
0.071550	5.600000	0.547723
0.071600	4.000000	0.000000
0.071650	3.200000	0.447214
0.071700	2.200000	0.447214
0.071750	2.000000	0.000000
0.071800	1.200000	0.447214
0.071850	1.000000	0.000000
0.071900	0.800000	0.447214
0.071950	1.000000	0.000000
