0.068000	0.000000	0.000000
0.068050	0.000000	0.000000
0.068100	0.000000	0.000000
0.068150	0.000000	0.000000
0.068200	0.200000	0.447214
0.068250	0.000000	0.000000
0.068300	0.000000	0.000000
0.068350	0.000000	0.000000
0.068400	0.000000	0.000000
0.068450	0.600000	0.547723
0.068500	0.000000	0.000000
0.068550	0.000000	0.000000
0.068600	0.000000	0.000000
0.068650	0.000000	0.000000
0.068700	0.000000	0.000000
0.068750	0.000000	0.000000
0.068800	0.200000	0.447214
0.068850	0.000000	0.000000
0.068900	0.000000	0.000000
0.068950	0.000000	0.000000
0.069000	0.000000	0.000000
0.069050	0.000000	0.000000
0.069100	0.000000	0.000000
0.069150	0.000000	0.000000
0.069200	0.000000	0.000000
0.069250	0.000000	0.000000
0.069300	0.200000	0.447214
0.069350	0.200000	0.447214
0.069400	0.000000	0.000000
0.069450	0.000000	0.000000
0.069500	0.200000	0.447214
0.069550	0.000000	0.000000
0.069600	0.200000	0.447214
0.069650	1.000000	0.000000
0.069700	1.000000	0.000000
0.069750	0.800000	0.447214
0.069800	2.000000	0.000000
0.069850	2.000000	0.000000
0.069900	3.000000	0.000000
0.069950	4.000000	0.000000
0.070000	6.000000	0.000000
0.070050	8.000000	0.000000
0.070100	10.600000	0.894427
0.070150	14.200000	0.447214
0.070200	19.000000	0.000000
0.070250	25.000000	0.000000
0.070300	33.000000	0.000000
0.070350	43.000000	0.000000
0.070400	55.000000	0.000000
0.070450	68.000000	0.000000
0.070500	83.000000	0.000000
0.070550	99.000000	0.000000
0.070600	114.000000	0.707107
0.070650	128.600000	0.547723
0.070700	140.000000	0.000000
0.070750	149.000000	0.000000
0.070800	153.000000	0.000000
0.070850	152.000000	0.000000
0.070900	146.000000	0.000000
0.070950	135.800000	0.447214
0.071000	122.400000	0.547723
0.071050	107.400000	0.547723
0.071100	91.600000	0.547723
0.071150	76.000000	0.000000
0.071200	61.400000	0.547723
0.071250	49.000000	0.000000
0.071300	38.000000	0.000000
0.071350	29.600000	0.547723
0.071400	21.800000	0.447214
0.071450	15.800000	0.447214
0.071500	12.000000	0.000000
0.071550	8.400000	0.547723
0.071600	6.400000	0.547723
0.071650	4.200000	0.447214
0.071700	3.200000	0.447214
0.071750	2.600000	0.547723
0.071800	2.000000	0.000000
0.071850	1.600000	0.547723
0.071900	1.200000	0.447214
0.071950	1.000000	0.000000
