0.068000	0.000000	0.000000
0.068050	0.200000	0.447214
0.068100	0.000000	0.000000
0.068150	0.200000	0.447214
0.068200	0.000000	0.000000
0.068250	0.200000	0.447214
0.068300	0.200000	0.447214
0.068350	0.000000	0.000000
0.068400	0.000000	0.000000
0.068450	0.000000	0.000000
0.068500	0.200000	0.447214
0.068550	0.200000	0.447214
0.068600	0.200000	0.447214
0.068650	0.000000	0.000000
0.068700	0.000000	0.000000
0.068750	0.200000	0.447214
0.068800	0.000000	0.000000
0.068850	0.400000	0.547723
0.068900	0.800000	0.447214
0.068950	0.000000	0.000000
0.069000	0.200000	0.447214
0.069050	0.600000	0.547723
0.069100	0.400000	0.547723
0.069150	1.000000	0.000000
0.069200	1.000000	0.000000
0.069250	0.800000	0.447214
0.069300	1.000000	0.000000
0.069350	1.000000	0.000000
0.069400	1.000000	0.000000
0.069450	1.800000	0.447214
0.069500	2.000000	0.000000
0.069550	3.000000	0.000000
0.069600	4.000000	0.000000
0.069650	5.000000	0.000000
0.069700	7.000000	0.000000
0.069750	10.000000	0.000000
0.069800	13.000000	0.000000
0.069850	18.000000	0.000000
0.069900	24.000000	0.000000
0.069950	33.000000	0.000000
0.070000	44.000000	0.000000
0.070050	60.000000	0.000000
0.070100	80.000000	0.000000
0.070150	105.000000	0.000000
0.070200	135.000000	0.000000
0.070250	169.000000	0.000000
0.070300	207.400000	0.894427
0.070350	246.600000	0.547723
0.070400	283.200000	0.836660
0.070450	313.200000	0.447214
0.070500	337.200000	0.447214
0.070550	352.000000	0.000000
0.070600	356.400000	0.547723
0.070650	350.000000	0.000000
0.070700	332.800000	0.447214
0.070750	306.000000	0.000000
0.070800	272.600000	0.894427
0.070850	236.000000	0.000000
0.070900	199.000000	0.000000
0.070950	162.600000	0.547723
0.071000	129.800000	0.447214
0.071050	100.800000	0.447214
0.071100	76.400000	0.894427
0.071150	57.800000	0.447214
0.071200	42.600000	0.547723
0.071250	31.200000	0.447214
0.071300	23.000000	0.000000
0.071350	16.000000	0.707107
0.071400	12.000000	0.000000
0.071450	9.000000	0.000000
0.071500	6.600000	0.547723
0.071550	5.000000	0.000000
0.071600	3.800000	0.447214
0.071650	3.000000	0.000000
0.071700	2.000000	0.000000
0.071750	1.800000	0.447214
0.071800	1.000000	0.000000
0.071850	1.000000	0.000000
0.071900	1.000000	0.000000
0.071950	0.600000	0.547723
