0.068000	0.000000	0.000000
0.068050	0.000000	0.000000
0.068100	0.000000	0.000000
0.068150	0.200000	0.447214
0.068200	0.200000	0.447214
0.068250	0.200000	0.447214
0.068300	0.000000	0.000000
0.068350	0.200000	0.447214
0.068400	0.200000	0.447214
0.068450	0.000000	0.000000
0.068500	0.200000	0.447214
0.068550	0.000000	0.000000
0.068600	0.000000	0.000000
0.068650	0.000000	0.000000
0.068700	0.000000	0.000000
0.068750	0.400000	0.547723
0.068800	0.000000	0.000000
0.068850	0.200000	0.447214
0.068900	0.200000	0.447214
0.068950	0.000000	0.000000
0.069000	0.200000	0.447214
0.069050	0.200000	0.447214
0.069100	0.800000	0.447214
0.069150	0.000000	0.000000
0.069200	0.200000	0.447214
0.069250	0.800000	0.447214
0.069300	0.600000	0.547723
0.069350	0.800000	0.447214
0.069400	1.000000	0.000000
0.069450	1.000000	0.000000
0.069500	1.000000	0.000000
0.069550	2.000000	0.000000
0.069600	2.800000	0.447214
0.069650	3.000000	0.000000
0.069700	5.000000	0.000000
0.069750	6.800000	0.447214
0.069800	8.800000	0.447214
0.069850	11.600000	0.547723
0.069900	15.400000	0.547723
0.069950	20.800000	0.447214
0.070000	29.000000	0.000000
0.070050	38.800000	0.447214
0.070100	53.000000	0.000000
0.070150	71.000000	0.000000
0.070200	93.000000	0.000000
0.070250	119.600000	0.547723
0.070300	150.800000	0.447214
0.070350	184.200000	0.447214
0.070400	217.000000	0.707107
0.070450	252.000000	0.000000
0.070500	279.800000	0.447214
0.070550	302.200000	0.447214
0.070600	317.800000	0.447214
0.070650	322.000000	0.707107
0.070700	317.000000	0.000000
0.070750	301.400000	0.547723
0.070800	278.000000	0.000000
0.070850	248.400000	0.547723
0.070900	214.200000	0.836660
0.070950	180.200000	0.447214
0.071000	146.600000	0.547723
0.071050	116.000000	0.000000
0.071100	90.000000	0.707107
0.071150	68.600000	0.894427
0.071200	51.400000	0.547723
0.071250	38.000000	0.000000
0.071300	28.000000	0.000000
0.071350	20.000000	0.000000
0.071400	14.600000	0.547723
0.071450	10.600000	0.547723
0.071500	8.000000	0.000000
0.071550	5.800000	0.447214
0.071600	4.600000	0.547723
0.071650	3.000000	0.000000
0.071700	2.400000	0.547723
0.071750	1.800000	0.447214
0.071800	1.000000	0.000000
0.071850	1.000000	0.000000
0.071900	1.000000	0.000000
0.071950	0.800000	0.447214
