0.068000	0.200000	0.447214
0.068050	0.200000	0.447214
0.068100	0.200000	0.447214
0.068150	0.000000	0.000000
0.068200	0.000000	0.000000
0.068250	0.400000	0.547723
0.068300	0.000000	0.000000
0.068350	0.200000	0.447214
0.068400	0.000000	0.000000
0.068450	0.000000	0.000000
0.068500	0.000000	0.000000
0.068550	0.400000	0.547723
0.068600	0.000000	0.000000
0.068650	0.000000	0.000000
0.068700	0.200000	0.447214
0.068750	0.000000	0.000000
0.068800	0.000000	0.000000
0.068850	0.200000	0.447214
0.068900	0.400000	0.547723
0.068950	0.000000	0.000000
0.069000	0.200000	0.447214
0.069050	0.000000	0.000000
0.069100	0.400000	0.547723
0.069150	0.400000	0.547723
0.069200	0.000000	0.000000
0.069250	0.600000	0.547723
0.069300	0.600000	0.547723
0.069350	0.600000	0.547723
0.069400	0.600000	0.547723
0.069450	1.000000	0.000000
0.069500	1.000000	0.000000
0.069550	1.200000	0.447214
0.069600	2.000000	0.000000
0.069650	3.000000	0.000000
0.069700	3.800000	0.447214
0.069750	5.000000	0.000000
0.069800	6.600000	0.547723
0.069850	9.000000	0.000000
0.069900	12.000000	0.000000
0.069950	16.000000	0.000000
0.070000	22.000000	0.000000
0.070050	29.200000	0.447214
0.070100	40.000000	0.000000
0.070150	53.600000	0.547723
0.070200	71.000000	0.000000
0.070250	93.000000	0.000000
0.070300	118.200000	0.447214
0.070350	145.000000	0.000000
0.070400	173.400000	0.894427
0.070450	202.800000	0.447214
0.070500	231.000000	0.000000
0.070550	254.000000	0.000000
0.070600	270.000000	0.000000
0.070650	279.200000	0.447214
0.070700	279.000000	0.000000
0.070750	270.000000	0.000000
0.070800	252.200000	0.447214
0.070850	228.200000	0.447214
0.070900	200.400000	0.547723
0.070950	170.000000	0.000000
0.071000	140.000000	0.000000
0.071050	112.800000	0.447214
0.071100	88.000000	0.000000
0.071150	67.800000	0.447214
0.071200	51.400000	0.547723
0.071250	38.200000	0.447214
0.071300	28.000000	0.000000
0.071350	20.400000	0.547723
0.071400	14.400000	0.547723
0.071450	10.000000	0.000000
0.071500	7.800000	0.447214
0.071550	6.000000	0.000000
0.071600	4.000000	0.000000
0.071650	3.400000	0.547723
0.071700	2.200000	0.447214
0.071750	1.800000	0.447214
0.071800	1.400000	0.547723
0.071850	1.000000	0.000000
0.071900	1.000000	0.000000
0.071950	0.600000	0.547723
