0.068000	0.000000	0.000000
0.068050	0.000000	0.000000
0.068100	0.200000	0.447214
0.068150	0.000000	0.000000
0.068200	0.000000	0.000000
0.068250	0.400000	0.547723
0.068300	0.400000	0.547723
0.068350	0.000000	0.000000
0.068400	0.200000	0.447214
0.068450	0.000000	0.000000
0.068500	0.000000	0.000000
0.068550	0.000000	0.000000
0.068600	0.200000	0.447214
0.068650	0.000000	0.000000
0.068700	0.200000	0.447214
0.068750	0.000000	0.000000
0.068800	0.200000	0.447214
0.068850	0.000000	0.000000
0.068900	0.200000	0.447214
0.068950	0.000000	0.000000
0.069000	0.600000	0.547723
0.069050	0.600000	0.547723
0.069100	0.400000	0.547723
0.069150	0.800000	0.447214
0.069200	0.400000	0.547723
0.069250	0.400000	0.547723
0.069300	0.800000	0.447214
0.069350	1.000000	0.000000
0.069400	1.000000	0.000000
0.069450	2.000000	0.000000
0.069500	1.800000	0.447214
0.069550	3.000000	0.000000
0.069600	4.200000	0.447214
0.069650	5.000000	0.000000
0.069700	7.200000	0.447214
0.069750	10.000000	0.000000
0.069800	13.400000	0.547723
0.069850	18.000000	0.000000
0.069900	24.600000	0.547723
0.069950	33.200000	0.447214
0.070000	45.400000	0.547723
0.070050	60.800000	0.447214
0.070100	80.200000	0.836660
0.070150	105.800000	0.447214
0.070200	134.200000	0.447214
0.070250	167.600000	0.547723
0.070300	202.600000	0.894427
0.070350	237.000000	0.707107
0.070400	267.200000	0.447214
0.070450	294.600000	0.547723
0.070500	314.200000	0.447214
0.070550	325.000000	0.000000
0.070600	325.000000	0.707107
0.070650	315.000000	0.000000
0.070700	297.000000	0.000000
0.070750	270.200000	0.836660
0.070800	239.800000	0.447214
0.070850	204.800000	0.447214
0.070900	172.000000	0.000000
0.070950	139.400000	0.547723
0.071000	109.800000	0.836660
0.071050	85.200000	0.447214
0.071100	64.200000	0.447214
0.071150	48.000000	0.000000
0.071200	34.800000	0.447214
0.071250	25.400000	0.547723
0.071300	18.000000	0.000000
0.071350	13.200000	0.447214
0.071400	10.000000	0.000000
0.071450	7.000000	0.000000
0.071500	5.000000	0.000000
0.071550	4.000000	0.000000
0.071600	3.000000	0.000000
0.071650	2.400000	0.547723
0.071700	2.000000	0.000000
0.071750	1.000000	0.000000
0.071800	1.000000	0.000000
0.071850	1.000000	0.000000
0.071900	0.200000	0.447214
0.071950	0.200000	0.447214
