0.068000	0.000000	0.000000
0.068050	0.000000	0.000000
0.068100	0.000000	0.000000
0.068150	0.000000	0.000000
0.068200	0.000000	0.000000
0.068250	0.000000	0.000000
0.068300	0.000000	0.000000
0.068350	0.000000	0.000000
0.068400	0.000000	0.000000
0.068450	0.000000	0.000000
0.068500	0.200000	0.447214
0.068550	0.400000	0.547723
0.068600	0.000000	0.000000
0.068650	0.000000	0.000000
0.068700	0.000000	0.000000
0.068750	0.000000	0.000000
0.068800	0.000000	0.000000
0.068850	0.000000	0.000000
0.068900	0.200000	0.447214
0.068950	0.200000	0.447214
0.069000	0.000000	0.000000
0.069050	0.000000	0.000000
0.069100	0.200000	0.447214
0.069150	0.000000	0.000000
0.069200	0.200000	0.447214
0.069250	0.000000	0.000000
0.069300	0.200000	0.447214
0.069350	0.400000	0.547723
0.069400	0.200000	0.447214
0.069450	0.800000	0.447214
0.069500	1.000000	0.000000
0.069550	1.000000	0.000000
0.069600	1.200000	0.447214
0.069650	2.000000	0.000000
0.069700	2.600000	0.547723
0.069750	3.200000	0.447214
0.069800	4.600000	0.547723
0.069850	6.000000	0.000000
0.069900	8.000000	0.000000
0.069950	11.000000	0.000000
0.070000	15.000000	0.000000
0.070050	20.800000	0.447214
0.070100	28.000000	0.000000
0.070150	38.000000	0.000000
0.070200	51.000000	0.000000
0.070250	66.800000	0.447214
0.070300	85.600000	0.547723
0.070350	106.200000	0.447214
0.070400	129.200000	0.447214
0.070450	152.000000	0.000000
0.070500	174.600000	0.547723
0.070550	194.400000	0.547723
0.070600	210.000000	0.000000
0.070650	219.200000	0.447214
0.070700	222.000000	0.000000
0.070750	218.200000	0.447214
0.070800	206.000000	0.000000
0.070850	188.800000	0.447214
0.070900	167.000000	0.707107
0.070950	144.400000	0.547723
0.071000	120.600000	0.547723
0.071050	97.800000	0.447214
0.071100	77.000000	0.000000
0.071150	59.200000	1.095445
0.071200	44.000000	0.000000
0.071250	33.000000	0.000000
0.071300	24.400000	0.547723
0.071350	17.600000	0.547723
0.071400	13.000000	0.000000
0.071450	9.200000	0.447214
0.071500	6.800000	0.447214
0.071550	5.000000	0.000000
0.071600	4.000000	0.000000
0.071650	3.000000	0.000000
0.071700	2.000000	0.000000
0.071750	2.000000	0.000000
0.071800	1.000000	0.000000
0.071850	1.000000	0.000000
0.071900	1.000000	0.000000
0.071950	1.000000	0.000000
