0.068000	0.000000	0.000000
0.068050	0.000000	0.000000
0.068100	0.000000	0.000000
0.068150	0.000000	0.000000
0.068200	0.000000	0.000000
0.068250	0.000000	0.000000
0.068300	0.000000	0.000000
0.068350	0.000000	0.000000
0.068400	0.000000	0.000000
0.068450	0.000000	0.000000
0.068500	0.000000	0.000000
0.068550	0.000000	0.000000
0.068600	0.000000	0.000000
0.068650	0.000000	0.000000
0.068700	0.000000	0.000000
0.068750	0.000000	0.000000
0.068800	0.000000	0.000000
0.068850	0.000000	0.000000
0.068900	0.000000	0.000000
0.068950	0.000000	0.000000
0.069000	0.000000	0.000000
0.069050	0.200000	0.447214
0.069100	0.000000	0.000000
0.069150	0.000000	0.000000
0.069200	0.000000	0.000000
0.069250	0.000000	0.000000
0.069300	0.000000	0.000000
0.069350	0.000000	0.000000
0.069400	0.000000	0.000000
0.069450	0.000000	0.000000
0.069500	0.000000	0.000000
0.069550	0.000000	0.000000
0.069600	0.000000	0.000000
0.069650	0.000000	0.000000
0.069700	0.000000	0.000000
0.069750	0.000000	0.000000
0.069800	0.000000	0.000000
0.069850	0.000000	0.000000
0.069900	0.200000	0.447214
0.069950	0.200000	0.447214
0.070000	0.600000	0.547723
0.070050	0.800000	0.447214
0.070100	1.000000	0.000000
0.070150	1.000000	0.000000
0.070200	1.200000	0.447214
0.070250	2.000000	0.000000
0.070300	1.800000	0.447214
0.070350	3.000000	0.000000
0.070400	3.000000	0.000000
0.070450	4.400000	0.894427
0.070500	5.000000	0.000000
0.070550	5.400000	0.547723
0.070600	6.200000	0.447214
0.070650	7.000000	0.000000
0.070700	7.000000	0.000000
0.070750	7.600000	0.547723
0.070800	7.600000	0.547723
0.070850	7.600000	0.547723
0.070900	6.600000	0.547723
0.070950	6.600000	0.547723
0.071000	6.000000	0.000000
0.071050	5.000000	0.000000
0.071100	4.200000	0.447214
0.071150	3.600000	0.547723
0.071200	3.000000	0.000000
0.071250	2.200000	0.447214
0.071300	2.000000	0.000000
0.071350	2.000000	0.000000
0.071400	1.200000	0.447214
0.071450	1.000000	0.000000
0.071500	1.000000	0.000000
0.071550	0.800000	0.447214
0.071600	0.600000	0.547723
0.071650	0.000000	0.000000
0.071700	0.200000	0.447214
0.071750	0.000000	0.000000
0.071800	0.200000	0.447214
0.071850	0.200000	0.447214
0.071900	0.400000	0.547723
0.071950	0.000000	0.000000
