0.068000	0.000000	0.000000
0.068050	0.000000	0.000000
0.068100	0.000000	0.000000
0.068150	0.200000	0.447214
0.068200	0.000000	0.000000
0.068250	0.000000	0.000000
0.068300	0.200000	0.447214
0.068350	0.000000	0.000000
0.068400	0.000000	0.000000
0.068450	0.000000	0.000000
0.068500	0.200000	0.447214
0.068550	0.000000	0.000000
0.068600	0.200000	0.447214
0.068650	0.000000	0.000000
0.068700	0.000000	0.000000
0.068750	0.400000	0.547723
0.068800	0.000000	0.000000
0.068850	0.400000	0.547723
0.068900	0.000000	0.000000
0.068950	0.400000	0.547723
0.069000	0.400000	0.547723
0.069050	0.400000	0.547723
0.069100	0.400000	0.547723
0.069150	0.200000	0.447214
0.069200	0.400000	0.547723
0.069250	0.600000	0.547723
0.069300	1.000000	0.000000
0.069350	1.000000	0.000000
0.069400	1.200000	0.447214
0.069450	1.400000	0.547723
0.069500	2.000000	0.000000
0.069550	3.000000	0.000000
0.069600	4.000000	0.000000
0.069650	5.000000	0.000000
0.069700	7.000000	0.000000
0.069750	9.800000	0.447214
0.069800	13.000000	0.000000
0.069850	17.000000	0.000000
0.069900	23.400000	0.547723
0.069950	31.200000	0.447214
0.070000	42.400000	0.894427
0.070050	57.600000	0.547723
0.070100	77.200000	0.447214
0.070150	99.800000	0.836660
0.070200	132.800000	1.923538
0.070250	166.000000	0.707107
0.070300	204.200000	0.836660
0.070350	244.200000	0.447214
0.070400	281.600000	1.140175
0.070450	315.400000	0.547723
0.070500	341.800000	0.836660
0.070550	359.200000	0.447214
0.070600	366.800000	0.447214
0.070650	362.000000	0.000000
0.070700	346.600000	0.547723
0.070750	323.200000	0.447214
0.070800	288.000000	0.707107
0.070850	250.200000	0.836660
0.070900	212.600000	0.547723
0.070950	173.600000	0.547723
0.071000	139.200000	0.836660
0.071050	109.000000	0.000000
0.071100	83.400000	0.547723
0.071150	62.800000	0.447214
0.071200	46.600000	0.547723
0.071250	34.000000	0.000000
0.071300	25.000000	0.000000
0.071350	18.000000	0.000000
0.071400	13.000000	0.000000
0.071450	9.800000	0.447214
0.071500	7.000000	0.000000
0.071550	5.400000	0.547723
0.071600	4.000000	0.000000
0.071650	3.000000	0.000000
0.071700	2.400000	0.547723
0.071750	2.000000	0.000000
0.071800	1.000000	0.000000
0.071850	1.000000	0.000000
0.071900	1.000000	0.000000
0.071950	0.400000	0.547723
