0.068000	0.000000	0.000000
0.068050	0.000000	0.000000
0.068100	0.000000	0.000000
0.068150	0.000000	0.000000
0.068200	0.000000	0.000000
0.068250	0.200000	0.447214
0.068300	0.000000	0.000000
0.068350	0.000000	0.000000
0.068400	0.000000	0.000000
0.068450	0.000000	0.000000
0.068500	0.000000	0.000000
0.068550	0.000000	0.000000
0.068600	0.000000	0.000000
0.068650	0.000000	0.000000
0.068700	0.000000	0.000000
0.068750	0.000000	0.000000
0.068800	0.000000	0.000000
0.068850	0.000000	0.000000
0.068900	0.000000	0.000000
0.068950	0.200000	0.447214
0.069000	0.000000	0.000000
0.069050	0.000000	0.000000
0.069100	0.000000	0.000000
0.069150	0.200000	0.447214
0.069200	0.200000	0.447214
0.069250	0.200000	0.447214
0.069300	0.200000	0.447214
0.069350	0.000000	0.000000
0.069400	0.600000	0.547723
0.069450	1.000000	0.000000
0.069500	1.000000	0.000000
0.069550	1.600000	0.547723
0.069600	1.800000	0.447214
0.069650	3.000000	0.000000
0.069700	4.000000	0.000000
0.069750	5.200000	0.447214
0.069800	7.000000	0.000000
0.069850	9.800000	0.447214
0.069900	13.000000	0.000000
0.069950	17.000000	0.000000
0.070000	23.200000	0.447214
0.070050	31.000000	0.000000
0.070100	40.800000	0.447214
0.070150	52.200000	0.447214
0.070200	65.600000	0.547723
0.070250	80.000000	0.000000
0.070300	96.000000	0.000000
0.070350	111.000000	0.000000
0.070400	125.000000	0.000000
0.070450	136.000000	0.000000
0.070500	143.000000	0.000000
0.070550	146.400000	0.547723
0.070600	145.000000	0.000000
0.070650	139.000000	0.000000
0.070700	129.600000	0.894427
0.070750	117.000000	0.000000
0.070800	102.200000	0.447214
0.070850	86.800000	0.447214
0.070900	72.000000	0.000000
0.070950	58.000000	0.000000
0.071000	46.000000	0.000000
0.071050	34.800000	0.447214
0.071100	26.600000	0.547723
0.071150	20.000000	0.000000
0.071200	14.800000	0.447214
0.071250	11.000000	0.000000
0.071300	8.000000	0.000000
0.071350	6.000000	0.000000
0.071400	4.000000	0.000000
0.071450	3.000000	0.000000
0.071500	2.400000	0.547723
0.071550	1.800000	0.447214
0.071600	1.200000	0.447214
0.071650	1.000000	0.000000
0.071700	1.000000	0.000000
0.071750	0.600000	0.547723
0.071800	0.400000	0.547723
0.071850	0.000000	0.000000
0.071900	0.200000	0.447214
0.071950	0.200000	0.447214
