0.068000	0.400000	0.547723
0.068050	0.000000	0.000000
0.068100	0.000000	0.000000
0.068150	0.200000	0.447214
0.068200	0.200000	0.447214
0.068250	0.000000	0.000000
0.068300	0.000000	0.000000
0.068350	0.000000	0.000000
0.068400	0.000000	0.000000
0.068450	0.000000	0.000000
0.068500	0.400000	0.547723
0.068550	0.000000	0.000000
0.068600	0.000000	0.000000
0.068650	0.000000	0.000000
0.068700	0.000000	0.000000
0.068750	0.200000	0.447214
0.068800	0.000000	0.000000
0.068850	0.400000	0.547723
0.068900	0.000000	0.000000
0.068950	0.400000	0.547723
0.069000	0.000000	0.000000
0.069050	0.000000	0.000000
0.069100	0.000000	0.000000
0.069150	0.000000	0.000000
0.069200	0.400000	0.547723
0.069250	0.200000	0.447214
0.069300	0.800000	0.447214
0.069350	1.000000	0.000000
0.069400	1.000000	0.000000
0.069450	1.400000	0.547723
0.069500	2.000000	0.000000
0.069550	2.400000	0.547723
0.069600	3.800000	0.447214
0.069650	5.000000	0.000000
0.069700	6.800000	0.447214
0.069750	9.000000	0.000000
0.069800	12.000000	0.000000
0.069850	16.200000	0.447214
0.069900	21.800000	0.447214
0.069950	30.000000	0.000000
0.070000	41.000000	0.000000
0.070050	55.000000	0.000000
0.070100	73.400000	0.547723
0.070150	94.600000	0.547723
0.070200	120.800000	0.447214
0.070250	149.000000	0.707107
0.070300	178.800000	0.447214
0.070350	207.200000	0.447214
0.070400	233.200000	0.447214
0.070450	253.800000	0.447214
0.070500	268.600000	0.547723
0.070550	275.000000	0.000000
0.070600	273.200000	0.447214
0.070650	263.000000	0.000000
0.070700	245.800000	0.447214
0.070750	222.600000	0.894427
0.070800	195.200000	0.447214
0.070850	166.600000	0.547723
0.070900	138.200000	0.447214
0.070950	111.000000	0.000000
0.071000	88.000000	0.000000
0.071050	67.600000	0.547723
0.071100	50.800000	0.447214
0.071150	38.000000	0.000000
0.071200	28.000000	0.000000
0.071250	20.000000	0.000000
0.071300	14.600000	0.547723
0.071350	10.400000	0.547723
0.071400	8.000000	0.000000
0.071450	6.000000	0.000000
0.071500	4.000000	0.000000
0.071550	3.200000	0.447214
0.071600	2.600000	0.547723
0.071650	2.000000	0.000000
0.071700	1.600000	0.547723
0.071750	1.000000	0.000000
0.071800	1.000000	0.000000
0.071850	0.800000	0.447214
0.071900	0.200000	0.447214
0.071950	0.200000	0.447214
