0.068000	0.000000	0.000000
0.068050	0.000000	0.000000
0.068100	0.000000	0.000000
0.068150	0.000000	0.000000
0.068200	0.000000	0.000000
0.068250	0.000000	0.000000
0.068300	0.000000	0.000000
0.068350	0.000000	0.000000
0.068400	0.000000	0.000000
0.068450	0.000000	0.000000
0.068500	0.000000	0.000000
0.068550	0.000000	0.000000
0.068600	0.200000	0.447214
0.068650	0.000000	0.000000
0.068700	0.000000	0.000000
0.068750	0.000000	0.000000
0.068800	0.000000	0.000000
0.068850	0.000000	0.000000
0.068900	0.000000	0.000000
0.068950	0.000000	0.000000
0.069000	0.000000	0.000000
0.069050	0.000000	0.000000
0.069100	0.200000	0.447214
0.069150	0.000000	0.000000
0.069200	0.000000	0.000000
0.069250	0.200000	0.447214
0.069300	0.000000	0.000000
0.069350	0.200000	0.447214
0.069400	0.200000	0.447214
0.069450	0.000000	0.000000
0.069500	0.000000	0.000000
0.069550	0.000000	0.000000
0.069600	0.000000	0.000000
0.069650	0.200000	0.447214
0.069700	0.200000	0.447214
0.069750	0.000000	0.000000
0.069800	0.400000	0.547723
0.069850	1.000000	0.000000
0.069900	1.000000	0.000000
0.069950	1.000000	0.000000
0.070000	1.800000	0.447214
0.070050	2.200000	0.447214
0.070100	3.000000	0.000000
0.070150	4.000000	0.000000
0.070200	5.000000	0.000000
0.070250	7.000000	0.000000
0.070300	9.000000	0.000000
0.070350	12.000000	0.000000
0.070400	14.400000	0.547723
0.070450	18.000000	0.000000
0.070500	21.600000	0.547723
0.070550	25.000000	0.000000
0.070600	29.000000	0.000000
0.070650	33.000000	0.000000
0.070700	35.000000	0.000000
0.070750	37.000000	0.000000
0.070800	38.000000	0.000000
0.070850	37.000000	0.000000
0.070900	36.000000	0.000000
0.070950	33.000000	0.000000
0.071000	30.000000	0.000000
0.071050	26.000000	0.000000
0.071100	22.200000	0.447214
0.071150	18.800000	0.447214
0.071200	15.000000	0.000000
0.071250	12.200000	0.447214
0.071300	10.000000	0.000000
0.071350	8.000000	0.000000
0.071400	5.800000	0.447214
0.071450	4.200000	0.447214
0.071500	3.000000	0.000000
0.071550	2.800000	0.447214
0.071600	2.000000	0.000000
0.071650	1.600000	0.547723
0.071700	0.800000	0.447214
0.071750	1.000000	0.000000
0.071800	1.000000	0.000000
0.071850	0.200000	0.447214
0.071900	0.000000	0.000000
0.071950	0.000000	0.000000
