0.049000	0.000000	NaN
0.049050	0.000000	NaN
0.049100	0.000000	NaN
0.049150	0.000000	NaN
0.049200	0.000000	NaN
0.049250	0.000000	NaN
0.049300	0.000000	NaN
0.049350	1.000000	NaN
0.049400	1.000000	NaN
0.049450	1.000000	NaN
0.049500	1.000000	NaN
0.049550	1.000000	NaN
0.049600	1.000000	NaN
0.049650	1.000000	NaN
0.049700	1.000000	NaN
0.049750	2.000000	NaN
0.049800	2.000000	NaN
0.049850	3.000000	NaN
0.049900	4.000000	NaN
0.049950	6.000000	NaN
0.050000	8.000000	NaN
0.050050	11.000000	NaN
0.050100	14.000000	NaN
0.050150	19.000000	NaN
0.050200	26.000000	NaN
0.050250	35.000000	NaN
0.050300	46.000000	NaN
0.050350	63.000000	NaN
0.050400	82.000000	NaN
0.050450	110.000000	NaN
0.050500	142.000000	NaN
0.050550	183.000000	NaN
0.050600	231.000000	NaN
0.050650	278.000000	NaN
0.050700	333.000000	NaN
0.050750	390.000000	NaN
0.050800	437.000000	NaN
0.050850	479.000000	NaN
0.050900	511.000000	NaN
0.050950	526.000000	NaN
0.051000	526.000000	NaN
0.051050	510.000000	NaN
0.051100	480.000000	NaN
0.051150	438.000000	NaN
0.051200	391.000000	NaN
0.051250	339.000000	NaN
0.051300	289.000000	NaN
0.051350	241.000000	NaN
0.051400	197.000000	NaN
0.051450	158.000000	NaN
0.051500	127.000000	NaN
0.051550	99.000000	NaN
0.051600	76.000000	NaN
0.051650	57.000000	NaN
0.051700	44.000000	NaN
0.051750	33.000000	NaN
0.051800	25.000000	NaN
0.051850	19.000000	NaN
0.051900	14.000000	NaN
0.051950	11.000000	NaN
0.052000	8.000000	NaN
0.052050	7.000000	NaN
0.052100	5.000000	NaN
0.052150	4.000000	NaN
0.052200	3.000000	NaN
0.052250	2.000000	NaN
0.052300	2.000000	NaN
0.052350	2.000000	NaN
0.052400	1.000000	NaN
0.052450	1.000000	NaN
0.052500	1.000000	NaN
0.052550	1.000000	NaN
0.052600	1.000000	NaN
0.052650	1.000000	NaN
0.052700	1.000000	NaN
0.052750	1.000000	NaN
0.052800	1.000000	NaN
0.052850	1.000000	NaN
0.052900	1.000000	NaN
0.052950	0.000000	NaN
0.053000	1.000000	NaN
0.053050	1.000000	NaN
0.053100	0.000000	NaN
0.053150	1.000000	NaN
0.053200	1.000000	NaN
0.053250	0.000000	NaN
0.053300	0.000000	NaN
0.053350	1.000000	NaN
0.053400	1.000000	NaN
0.053450	1.000000	NaN
0.053500	1.000000	NaN
0.053550	0.000000	NaN
0.053600	0.000000	NaN
0.053650	0.000000	NaN
0.053700	0.000000	NaN
0.053750	0.000000	NaN
0.053800	0.000000	NaN
0.053850	0.000000	NaN
0.053900	0.000000	NaN
0.053950	0.000000	NaN
0.054000	0.000000	NaN
0.054050	0.000000	NaN
0.054100	0.000000	NaN
0.054150	0.000000	NaN
0.054200	0.000000	NaN
0.054250	0.000000	NaN
0.054300	0.000000	NaN
0.054350	0.000000	NaN
0.054400	1.000000	NaN
0.054450	1.000000	NaN
0.054500	0.000000	NaN
0.054550	0.000000	NaN
0.054600	0.000000	NaN
0.054650	0.000000	NaN
0.054700	0.000000	NaN
0.054750	1.000000	NaN
0.054800	0.000000	NaN
0.054850	0.000000	NaN
0.054900	0.000000	NaN
0.054950	1.000000	NaN
0.055000	0.000000	NaN
0.055050	0.000000	NaN
0.055100	0.000000	NaN
0.055150	0.000000	NaN
0.055200	0.000000	NaN
0.055250	0.000000	NaN
0.055300	0.000000	NaN
0.055350	0.000000	NaN
0.055400	0.000000	NaN
0.055450	0.000000	NaN
0.055500	0.000000	NaN
0.055550	0.000000	NaN
0.055600	0.000000	NaN
0.055650	1.000000	NaN
0.055700	0.000000	NaN
0.055750	0.000000	NaN
0.055800	0.000000	NaN
0.055850	1.000000	NaN
0.055900	0.000000	NaN
0.055950	0.000000	NaN
0.056000	0.000000	NaN
0.056050	0.000000	NaN
0.056100	0.000000	NaN
0.056150	0.000000	NaN
0.056200	0.000000	NaN
0.056250	0.000000	NaN
0.056300	0.000000	NaN
0.056350	0.000000	NaN
0.056400	0.000000	NaN
0.056450	1.000000	NaN
0.056500	0.000000	NaN
0.056550	0.000000	NaN
0.056600	0.000000	NaN
0.056650	0.000000	NaN
0.056700	0.000000	NaN
0.056750	0.000000	NaN
0.056800	0.000000	NaN
0.056850	0.000000	NaN
0.056900	0.000000	NaN
0.056950	0.000000	NaN
