4.000000
4.000000
4.000000
4.000000
4.000000
4.000000
4.400000
4.000000
4.000000
4.000000
3.800000
4.000000
4.000000
4.000000
4.000000
4.200000
4.000000
4.200000
4.200000
4.200000
4.000000
4.000000
4.000000
4.200000
4.600000
4.400000
4.000000
4.600000
4.600000
5.000000
5.000000
4.000000
4.200000
4.200000
4.600000
4.000000
4.200000
5.000000
4.200000
4.000000
4.000000
4.000000
4.200000
4.000000
4.000000
4.000000
4.800000
4.600000
4.200000
4.600000
4.200000
4.400000
4.400000
4.400000
4.800000
4.400000
5.000000
4.600000
4.800000
5.200000
5.000000
5.400000