917
922
923
928
928
917
928
927
926
928
927
918
928
928
928
928
928
927
928
928
928
927
917
928
928
928
928
928
928
927
928
928
927
917
928
928
930
928
928
927
922
928
928
927
918
928
928
927
928
928
916
927
928
928
928
918
928
928
928
928
923
928
928
928
927
919
918
928
927
928
928
927
927
928
928
917
918
927
928
928
928
928
929
927
928
928
928
918
928
928
928
928
928
928
928
925
927
928
917
919
928
928
928
927
927
927
928
927
928
914
928
928
928
928
927
927
931
928
927
923
918
928
928
928
928
928
927
928
927
913
923
918
928
928
928
928
928
927
928
928
927
928
919
928
917
928
929
928
927
928
928
927
928
918
925
928
928
928
928
927
928
928
926
928
918
928
928
928
923
919
927
928
928
927
928
918
927
928
923
928
928
927
929
928
927
917
927
927
922
927
927
927
926
928
927
926
918
923
922
927
