0.050000	0.866667	0.351866
0.050050	0.800000	0.414039
0.050100	1.000000	0.000000
0.050150	1.000000	0.000000
0.050200	0.933333	0.457738
0.050250	1.533333	0.516398
0.050300	1.933333	0.258199
0.050350	1.933333	0.258199
0.050400	2.066667	0.258199
0.050450	2.933333	0.258199
0.050500	2.933333	0.258199
0.050550	3.733333	0.457738
0.050600	3.933333	0.258199
0.050650	4.000000	0.000000
0.050700	4.600000	0.507093
0.050750	4.933333	0.258199
0.050800	5.000000	0.377964
0.050850	5.066667	0.258199
0.050900	5.200000	0.414039
0.050950	5.066667	0.258199
0.051000	4.933333	0.258199
0.051050	5.066667	0.258199
0.051100	5.066667	0.258199
0.051150	4.800000	0.414039
0.051200	4.200000	0.414039
0.051250	3.933333	0.258199
0.051300	3.666667	0.617213
0.051350	3.000000	0.000000
0.051400	2.933333	0.258199
0.051450	2.066667	0.258199
0.051500	2.000000	0.000000
0.051550	1.733333	0.593617
0.051600	1.133333	0.351866
0.051650	0.933333	0.258199
0.051700	0.933333	0.258199
0.051750	0.933333	0.258199
0.051800	0.866667	0.351866
0.051850	0.933333	0.258199
0.051900	0.866667	0.351866
0.051950	1.066667	0.258199
0.052000	1.066667	0.258199
0.052050	1.666667	0.487950
0.052100	1.933333	0.258199
0.052150	2.000000	0.000000
0.052200	2.866667	0.351866
0.052250	3.000000	0.000000
0.052300	3.933333	0.258199
0.052350	4.066667	0.258199
0.052400	4.266667	0.457738
0.052450	4.800000	0.414039
0.052500	5.066667	0.258199
0.052550	5.066667	0.457738
0.052600	5.466667	0.516398
0.052650	5.733333	0.457738
0.052700	5.800000	0.414039
0.052750	5.666667	0.487950
0.052800	5.000000	0.377964
0.052850	5.266667	0.457738
0.052900	5.000000	0.377964
0.052950	4.666667	0.617213
0.053000	4.066667	0.258199
0.053050	4.000000	0.000000
0.053100	3.733333	0.457738
0.053150	3.000000	0.000000
0.053200	2.933333	0.258199
0.053250	2.333333	0.487950
0.053300	2.000000	0.377964
0.053350	2.000000	0.000000
0.053400	1.333333	0.617213
0.053450	1.133333	0.351866
0.053500	1.000000	0.000000
0.053550	0.866667	0.351866
0.053600	0.933333	0.258199
0.053650	0.666667	0.487950
0.053700	0.600000	0.507093
0.053750	0.533333	0.516398
0.053800	0.466667	0.516398
0.053850	0.600000	0.507093
0.053900	0.600000	0.507093
0.053950	0.600000	0.507093
0.054000	0.800000	0.414039
0.054050	1.000000	0.000000
0.054100	1.000000	0.000000
0.054150	0.933333	0.258199
0.054200	1.000000	0.377964
0.054250	0.933333	0.258199
0.054300	1.066667	0.258199
0.054350	1.066667	0.258199
0.054400	1.133333	0.351866
0.054450	1.266667	0.457738
0.054500	1.800000	0.414039
0.054550	1.733333	0.457738
0.054600	1.933333	0.258199
0.054650	2.000000	0.000000
0.054700	2.000000	0.000000
0.054750	1.933333	0.258199
0.054800	1.933333	0.258199
0.054850	2.066667	0.258199
0.054900	2.133333	0.351866
0.054950	2.266667	0.457738
0.055000	2.333333	0.487950
0.055050	2.466667	0.516398
0.055100	2.266667	0.457738
0.055150	2.066667	0.258199
0.055200	1.933333	0.258199
0.055250	2.000000	0.000000
0.055300	2.000000	0.377964
0.055350	1.800000	0.414039
0.055400	1.333333	0.617213
0.055450	1.200000	0.560612
0.055500	1.200000	0.414039
0.055550	1.266667	0.457738
0.055600	1.333333	0.487950
0.055650	2.000000	0.000000
0.055700	2.000000	0.377964
0.055750	2.933333	0.258199
0.055800	3.866667	0.351866
0.055850	4.466667	0.516398
0.055900	5.933333	0.258199
0.055950	6.933333	0.258199
0.056000	8.866667	0.351866
0.056050	10.333333	0.487950
0.056100	12.266667	0.457738
0.056150	14.200000	0.414039
0.056200	16.066667	0.258199
0.056250	18.133333	0.516398
0.056300	20.066667	0.258199
0.056350	22.133333	0.351866
0.056400	24.000000	0.000000
0.056450	25.533333	0.639940
0.056500	27.000000	0.377964
0.056550	28.066667	0.457738
0.056600	28.933333	0.258199
0.056650	29.266667	0.457738
0.056700	29.133333	0.516398
0.056750	28.933333	0.258199
0.056800	27.933333	0.258199
0.056850	26.266667	0.457738
0.056900	24.933333	0.258199
0.056950	22.600000	0.507093
0.057000	20.133333	0.516398
0.057050	17.733333	0.457738
0.057100	15.000000	0.000000
0.057150	12.666667	0.487950
0.057200	9.933333	0.258199
0.057250	7.733333	0.457738
0.057300	5.933333	0.258199
0.057350	4.466667	0.516398
0.057400	3.800000	0.414039
0.057450	3.800000	0.414039
0.057500	4.266667	0.593617
0.057550	5.800000	0.414039
0.057600	7.866667	0.351866
0.057650	10.933333	0.258199
0.057700	14.600000	0.507093
0.057750	18.733333	0.593617
0.057800	24.133333	0.351866
0.057850	29.866667	0.351866
0.057900	35.800000	0.414039
0.057950	42.600000	0.507093
0.058000	49.200000	0.414039
0.058050	56.066667	0.258199
0.058100	63.266667	0.457738
0.058150	69.866667	0.516398
0.058200	76.000000	0.755929
0.058250	81.333333	0.487950
0.058300	86.133333	0.743223
0.058350	89.866667	0.516398
0.058400	92.266667	0.457738
0.058450	93.400000	0.507093
0.058500	93.466667	0.833809
0.058550	91.866667	0.743223
0.058600	88.933333	0.798809
0.058650	85.200000	0.676123
0.058700	79.533333	0.639940
0.058750	73.133333	0.516398
0.058800	66.600000	0.632456
0.058850	58.933333	0.457738
0.058900	51.333333	0.487950
0.058950	43.266667	0.457738
0.059000	35.333333	0.487950
0.059050	28.066667	0.258199
0.059100	21.533333	0.516398
0.059150	15.466667	0.516398
0.059200	11.066667	0.457738
0.059250	8.000000	0.000000
0.059300	6.066667	0.258199
0.059350	4.866667	0.351866
0.059400	6.000000	0.377964
0.059450	8.200000	0.414039
0.059500	12.133333	0.351866
0.059550	17.733333	0.457738
0.059600	24.333333	0.487950
0.059650	32.066667	0.258199
0.059700	41.000000	0.534522
0.059750	50.533333	0.639940
0.059800	61.000000	0.377964
0.059850	72.133333	0.351866
0.059900	82.666667	0.723747
0.059950	93.066667	0.703732
0.060000	102.933333	0.457738
0.060050	111.533333	0.833809
0.060100	119.066667	0.593617
0.060150	124.733333	0.883715
0.060200	129.400000	0.736788
0.060250	131.266667	0.961150
0.060300	132.400000	0.507093
0.060350	131.200000	0.676123
0.060400	128.333333	1.234427
0.060450	123.733333	0.457738
0.060500	117.400000	0.736788
0.060550	109.600000	0.736788
0.060600	100.933333	0.961150
0.060650	91.066667	1.032796
0.060700	80.866667	0.516398
0.060750	70.466667	0.516398
0.060800	59.733333	0.883715
0.060850	50.133333	0.351866
0.060900	40.533333	0.516398
0.060950	31.866667	0.351866
0.061000	23.800000	0.414039
0.061050	17.200000	0.676123
0.061100	11.866667	0.639940
0.061150	7.800000	0.414039
0.061200	5.333333	0.487950
0.061250	4.266667	0.457738
0.061300	5.133333	0.351866
0.061350	7.000000	0.000000
0.061400	10.866667	0.351866
0.061450	15.533333	0.516398
0.061500	21.933333	0.258199
0.061550	29.400000	0.507093
0.061600	36.933333	0.258199
0.061650	45.266667	0.457738
0.061700	53.266667	0.593617
0.061750	61.866667	0.351866
0.061800	69.133333	0.351866
0.061850	76.400000	0.507093
0.061900	82.800000	0.414039
0.061950	87.600000	0.507093
0.062000	91.666667	0.617213
0.062050	93.800000	0.676123
0.062100	95.066667	0.457738
0.062150	94.800000	0.560612
0.062200	93.466667	0.516398
0.062250	90.466667	0.516398
0.062300	86.800000	0.414039
0.062350	82.000000	0.534522
0.062400	76.066667	0.258199
0.062450	69.933333	0.258199
0.062500	63.333333	0.487950
0.062550	56.266667	0.457738
0.062600	49.200000	0.414039
0.062650	42.400000	0.632456
0.062700	35.000000	0.654654
0.062750	28.800000	0.676123
0.062800	23.000000	0.000000
0.062850	17.333333	0.617213
0.062900	12.866667	0.351866
0.062950	8.666667	0.487950
0.063000	5.866667	0.351866
0.063050	3.800000	0.414039
0.063100	2.266667	0.457738
0.063150	2.000000	0.377964
0.063200	2.266667	0.457738
0.063250	3.466667	0.639940
0.063300	5.133333	0.351866
0.063350	7.733333	0.457738
0.063400	10.000000	0.000000
0.063450	12.866667	0.516398
0.063500	15.933333	0.258199
0.063550	18.866667	0.351866
0.063600	21.800000	0.414039
0.063650	24.200000	0.414039
0.063700	26.400000	0.632456
0.063750	28.266667	0.457738
0.063800	29.800000	0.414039
0.063850	30.600000	0.507093
0.063900	30.933333	0.258199
0.063950	30.933333	0.457738
0.064000	30.533333	0.639940
0.064050	29.733333	0.457738
0.064100	28.000000	0.377964
0.064150	27.000000	0.000000
0.064200	25.000000	0.377964
0.064250	23.133333	0.351866
0.064300	20.866667	0.351866
0.064350	18.733333	0.457738
0.064400	16.066667	0.258199
0.064450	14.000000	0.000000
0.064500	11.933333	0.258199
0.064550	9.933333	0.258199
0.064600	8.000000	0.000000
0.064650	6.000000	0.377964
0.064700	4.533333	0.516398
0.064750	3.200000	0.414039
0.064800	2.266667	0.457738
0.064850	1.933333	0.258199
0.064900	1.266667	0.457738
0.064950	0.933333	0.258199
0.065000	0.933333	0.258199
0.065050	0.800000	0.414039
0.065100	0.866667	0.351866
0.065150	0.866667	0.351866
0.065200	1.066667	0.258199
0.065250	1.600000	0.507093
0.065300	2.066667	0.258199
0.065350	2.066667	0.258199
0.065400	2.266667	0.457738
0.065450	2.666667	0.487950
0.065500	2.933333	0.258199
0.065550	3.000000	0.377964
0.065600	3.000000	0.000000
0.065650	3.000000	0.000000
0.065700	3.000000	0.000000
0.065750	3.000000	0.000000
0.065800	2.800000	0.414039
0.065850	2.666667	0.487950
0.065900	2.400000	0.507093
0.065950	2.200000	0.414039
0.066000	2.066667	0.258199
0.066050	2.000000	0.000000
0.066100	1.800000	0.414039
0.066150	1.733333	0.457738
0.066200	1.400000	0.507093
0.066250	1.066667	0.258199
0.066300	1.000000	0.000000
0.066350	1.000000	0.000000
0.066400	0.866667	0.351866
0.066450	1.000000	0.000000
0.066500	0.866667	0.351866
0.066550	0.733333	0.457738
0.066600	0.466667	0.516398
0.066650	0.466667	0.516398
0.066700	0.066667	0.258199
0.066750	0.066667	0.258199
0.066800	0.266667	0.457738
0.066850	0.533333	0.516398
0.066900	0.666667	0.487950
0.066950	0.733333	0.457738
0.067000	0.800000	0.414039
0.067050	1.066667	0.258199
0.067100	1.066667	0.258199
0.067150	1.200000	0.414039
0.067200	1.666667	0.487950
0.067250	1.933333	0.258199
0.067300	2.066667	0.258199
0.067350	2.333333	0.487950
0.067400	2.933333	0.258199
0.067450	2.933333	0.258199
0.067500	3.533333	0.516398
0.067550	3.800000	0.414039
0.067600	4.066667	0.258199
0.067650	4.200000	0.414039
0.067700	4.866667	0.351866
0.067750	5.000000	0.377964
0.067800	5.066667	0.457738
0.067850	5.133333	0.351866
0.067900	5.200000	0.414039
0.067950	5.066667	0.258199
0.068000	5.000000	0.000000
0.068050	5.066667	0.258199
0.068100	4.866667	0.351866
0.068150	4.266667	0.457738
0.068200	4.000000	0.000000
0.068250	4.000000	0.000000
0.068300	3.066667	0.258199
0.068350	3.000000	0.000000
0.068400	2.333333	0.617213
0.068450	1.933333	0.258199
0.068500	1.733333	0.457738
0.068550	1.266667	0.457738
0.068600	1.066667	0.258199
0.068650	0.866667	0.351866
0.068700	0.600000	0.507093
0.068750	0.666667	0.487950
0.068800	0.533333	0.516398
0.068850	0.666667	0.487950
0.068900	0.733333	0.457738
0.068950	1.000000	0.000000
0.069000	1.133333	0.351866
0.069050	1.133333	0.351866
0.069100	2.000000	0.000000
0.069150	2.000000	0.000000
0.069200	2.533333	0.516398
0.069250	3.000000	0.000000
0.069300	3.133333	0.351866
0.069350	3.800000	0.414039
0.069400	4.000000	0.000000
0.069450	4.133333	0.351866
0.069500	4.866667	0.351866
0.069550	5.133333	0.351866
0.069600	4.933333	0.258199
0.069650	5.000000	0.000000
0.069700	5.066667	0.258199
0.069750	5.133333	0.351866
0.069800	5.066667	0.258199
0.069850	4.933333	0.258199
0.069900	4.333333	0.487950
0.069950	4.000000	0.377964
